Размер изображения: 32x32x3
Предсказанный класс: лягушка

Пиксели изображения:

Канал 0:
-0.4330 -0.4612 -0.4893 -0.6018 -0.4893 -0.3768 -0.2081 -0.1800 -0.1800 -0.0956 0.0731 -0.1800 -0.3206 -0.4612 -0.5174 -0.6299 -0.8549 -0.9392 -0.9955 -1.0236 -1.0798 -1.1923 -1.3048 -1.4454 -1.5860 -1.7266 -1.7828 -1.8110 -1.7547 -1.9516 -2.0640 -2.1765 
-0.4049 -0.4330 -0.4330 -0.6018 -0.5174 -0.4049 -0.2362 -0.1518 -0.2362 -0.2924 -0.0956 -0.0394 -0.2924 -0.4612 -0.5736 -0.6299 -0.7705 -0.8549 -0.9673 -0.9111 -1.0517 -1.2485 -1.3048 -1.4735 -1.5860 -1.6985 -1.7547 -1.7828 -1.7547 -1.9234 -1.9516 -1.8953 
-0.4612 -0.4893 -0.5174 -0.6580 -0.6580 -0.4049 -0.2924 -0.6299 -0.4612 -0.3487 -0.3206 0.0169 0.0731 -0.2924 -0.6018 -0.6299 -0.7142 -0.8549 -0.9673 -0.9673 -1.1361 -1.2204 -1.3048 -1.5016 -1.5579 -1.6422 -1.6141 -1.5297 -1.3891 -1.4173 -1.3891 -1.2767 
-0.4330 -0.4893 -0.5174 -0.5736 -0.6861 -0.3206 -0.5174 -1.3610 -0.3768 -0.0394 -0.3206 -0.2081 0.1575 0.1012 -0.2924 -0.5174 -0.7142 -0.9673 -0.9955 -0.9955 -1.1079 -1.1923 -1.1642 -1.1361 -1.0517 -0.9955 -0.8549 -0.7705 -0.7142 -0.7705 -0.8267 -0.8267 
-0.5455 -0.5455 -0.5455 -0.5455 -0.6861 -0.4330 -0.6299 -1.2204 -0.4330 -0.4049 -0.6580 -0.6580 -0.5736 -0.2643 -0.2362 -0.3206 -0.4330 -0.9111 -0.8830 -0.7986 -0.5736 -0.5174 -0.4049 -0.3206 -0.3206 -0.3487 -0.2643 -0.2643 -0.2924 -0.4049 -0.5455 -0.7142 
-0.6299 -0.6861 -0.6580 -0.6018 -0.7142 -0.7142 -0.7986 -0.7986 -0.7986 -0.8267 -0.7705 -0.7142 -0.6580 -0.5736 -0.5736 -0.4893 -0.2362 -0.2643 -0.0675 -0.0112 0.0450 0.1575 0.1012 0.1575 0.0169 -0.0956 -0.0394 -0.1237 -0.3206 -0.5174 -0.7142 -0.9111 
-0.6861 -0.7424 -0.7705 -0.7142 -0.6861 -1.0236 -1.5579 -1.3329 -0.8549 -0.9673 -0.8549 -0.7705 -0.6580 -0.6861 -0.4893 -0.1237 -0.0675 -0.0112 0.3262 0.4387 0.1012 0.0450 0.1575 0.2981 0.0169 -0.2081 -0.3768 -0.5174 -0.6299 -0.7142 -0.7986 -0.8830 
-0.7705 -0.7424 -0.7705 -0.7424 -0.7705 -1.1361 -1.5860 -1.6141 -1.1642 -1.2485 -1.1361 -0.9955 -0.9392 -0.7705 -0.4612 -0.0675 0.1856 -0.1237 -0.1518 0.1294 0.1294 0.2137 0.2700 -0.0394 -0.1518 -0.2081 -0.4049 -0.5174 -0.5174 -0.5174 -0.5455 -0.6018 
-0.7142 -0.7142 -0.6580 -0.4612 -0.2924 0.1294 -0.3206 -1.4735 -1.1923 -1.1923 -0.8267 -0.4612 -0.4893 -0.3206 -0.2362 -0.3206 -0.0112 0.0169 -0.1237 -0.2081 -0.0394 0.1012 0.2137 0.1012 -0.1237 0.0169 -0.0394 -0.1800 -0.2643 -0.2643 -0.2081 -0.0956 
-0.3487 -0.0956 0.2981 0.6918 1.0573 1.5354 0.1575 -1.3329 -1.0798 -1.1079 -0.7142 -0.0394 0.0731 0.2700 0.1012 -0.2362 -0.0956 -0.0394 -0.0394 -0.1518 -0.1518 0.0169 0.1856 0.3262 0.1294 0.1856 0.2700 0.2700 0.2981 0.3262 0.3262 0.3262 
0.8043 1.1417 1.4510 1.6479 1.7322 1.7885 -0.3206 -1.3610 -0.8830 -1.1923 -1.2767 -0.2924 0.0731 0.3825 0.2419 -0.2362 -0.1237 -0.0675 -0.1237 -0.0675 -0.0675 -0.0956 -0.0675 0.0731 0.1575 0.4106 0.7480 0.7761 0.6918 0.5793 0.4949 0.3825 
1.5073 1.6479 1.7041 1.7885 1.7322 1.7041 -0.2362 -1.5297 -0.7424 -0.8267 -1.1361 -0.3487 0.1294 -0.2362 -0.0394 -0.1800 -0.2362 -0.0675 -0.0956 -0.1237 0.0169 -0.0112 -0.3206 -0.1800 -0.0394 0.3825 0.9167 0.9167 0.8043 0.6355 0.4949 0.2700 
1.5916 1.6760 1.7322 1.6479 1.5073 1.3948 0.4387 -1.4173 -0.8549 -0.2924 -0.1237 0.1294 0.4668 -0.0675 -0.2924 -0.1518 -0.2643 0.0731 -0.0112 -0.1237 0.0169 0.0731 -0.4049 -0.3768 0.1856 0.3262 0.7480 0.9449 0.8043 0.5512 0.2419 -0.0956 
1.3948 1.3948 1.4229 1.3386 1.2823 1.2261 1.0573 -0.5174 -1.4454 -0.7424 -0.1237 0.1575 0.4387 0.4106 -0.1800 -0.1237 -0.1518 0.1294 -0.0394 -0.1518 -0.0675 -0.0394 -0.3768 -0.4612 0.2419 0.2419 0.3543 0.6355 0.3825 0.0450 -0.3206 -0.6018 
1.0011 1.0292 1.1136 1.1698 1.2261 1.3667 1.4792 1.0855 -0.1518 -0.7142 -1.3610 -1.0236 -0.2643 -0.1237 -0.2362 -0.0112 0.1012 0.1856 0.1294 -0.0394 -0.1237 -0.1237 -0.3487 -0.4330 -0.0956 0.0731 -0.1800 0.1012 -0.0956 -0.4612 -0.6861 -0.6580 
0.9167 1.0011 1.1417 1.2823 1.5073 1.7041 1.5635 1.5073 1.6760 0.5512 -1.2767 -1.1642 0.1294 0.0450 -0.0956 0.1012 0.3262 0.4949 0.3543 0.2137 -0.0394 -0.2081 -0.3206 -0.3768 -0.4049 -0.0112 -0.3768 -0.4330 -0.4330 -0.3768 -0.2362 -0.0956 
1.0292 1.2823 1.5073 1.7322 1.8447 1.7604 1.0855 0.4668 1.6479 1.3104 0.8324 0.3262 0.6918 0.6637 0.1575 0.1294 0.1856 0.2981 0.2700 0.1575 -0.0394 -0.2362 -0.2924 -0.3206 -0.5455 -0.1800 -0.3206 -0.3768 0.0731 0.1856 0.1856 -0.1237 
1.3948 1.5635 1.7041 1.8447 2.0134 2.2665 2.1822 0.8043 2.1822 2.7727 1.6479 1.5073 0.4106 1.3104 0.8324 0.1294 0.1294 0.0731 0.1575 0.1012 -0.0394 -0.0956 -0.2081 -0.2643 -0.5455 -0.3487 -0.2081 -0.2081 0.2981 0.1575 -0.3487 -0.7986 
1.5916 1.8447 2.2384 2.7727 3.4476 3.9256 4.2069 2.7446 1.6198 2.8571 2.1822 2.4071 0.2700 1.2261 1.0855 0.2137 0.0450 0.0169 0.0450 0.0731 0.0731 0.0169 -0.0956 -0.2643 -0.5174 -0.4893 -0.1800 -0.4330 -0.2924 -0.4612 -0.7142 -0.7705 
2.6040 3.2508 3.8413 4.2350 4.3475 4.1506 4.2912 4.0944 1.7322 1.6760 2.0697 2.7165 0.4106 0.4387 1.1417 0.3262 -0.0112 -0.0112 -0.0394 0.0169 0.1294 0.1575 0.1012 -0.1800 -0.4330 -0.5736 -0.3768 -0.7142 -0.6580 -0.5174 -0.6861 -0.7424 
4.1225 4.3193 4.3475 4.3756 4.0663 2.4915 2.4634 2.8852 1.3104 0.8324 1.4792 1.6198 0.4949 0.2137 0.8324 0.4387 0.1575 0.1294 0.0731 0.1294 0.2700 0.3262 0.1856 -0.1800 -0.4612 -0.6299 -0.4049 -0.3768 -0.5736 -0.4330 -0.6018 -0.7142 
4.2912 4.3193 4.3193 4.4037 3.7850 0.7761 0.2419 0.4387 0.1856 0.4668 0.6074 0.3262 0.0169 0.0169 0.1575 0.1294 0.2981 0.3262 0.2419 0.2419 0.3825 0.3262 -0.0675 -0.3487 -0.5736 -0.6299 -0.2362 0.1575 -0.2081 -0.4612 -0.4612 -0.5455 
4.2069 4.2069 4.1506 3.8413 2.8571 0.7199 0.4387 0.5512 -0.1518 -0.3206 -0.4330 -0.5455 -0.5174 -0.3487 -0.6580 -0.8549 -0.0956 0.0450 -0.0112 -0.0394 -0.0112 -0.0394 -0.0394 -0.0394 -0.2081 -0.3206 -0.2081 0.3543 0.3262 -0.3768 -0.4612 -0.4612 
3.8413 3.2508 2.3228 1.4510 1.1136 1.0573 0.9730 0.9449 0.0450 -1.0517 -1.1642 -1.0798 -0.8830 -0.2643 -0.0675 -1.1361 -1.3329 -0.8267 -0.7705 -0.5174 -0.1237 0.0731 0.1575 0.0731 -0.1518 -0.3206 -0.1237 0.2981 0.5793 -0.0112 -0.4893 -0.4893 
1.5354 0.8886 0.6637 0.6074 0.7199 0.6637 0.3543 0.1294 0.2137 -0.2362 -1.1642 -1.3048 -0.8267 0.1012 0.2137 -0.4330 -0.9673 -0.7705 -0.6018 -0.3768 0.0450 0.1294 0.1012 0.2981 0.2137 -0.3206 -0.1518 0.0169 0.4106 0.4668 -0.1800 -0.5174 
0.2981 0.3543 0.4387 0.2981 0.0731 -0.0394 0.1012 0.2981 0.5231 0.6074 0.1294 -0.3768 -0.1518 0.0731 -0.0956 -0.2643 -0.6861 -0.6580 -0.4612 -0.2362 0.4387 0.5793 0.1856 0.1012 0.3543 0.2419 -0.1237 -0.0112 0.0731 0.5231 0.2419 -0.5455 
0.1856 -0.0112 -0.1518 -0.2081 0.0169 0.2137 0.3543 0.4106 0.3825 0.1575 -0.0394 -0.0956 -0.5174 -0.6299 -0.4049 -0.1800 -0.4893 -0.7424 -0.5455 -0.2643 0.5231 0.6918 0.1856 -0.1237 -0.0675 0.1294 0.1294 0.0731 -0.0675 0.1856 0.3543 -0.2362 
-0.3206 -0.3206 -0.1237 0.0731 0.2700 0.3262 0.2419 0.0450 -0.2081 -0.4893 -0.3487 0.1575 -0.1518 -0.7142 -0.6299 -0.1800 -0.2924 -0.6018 -0.5455 -0.5455 -0.2081 0.0450 -0.1518 -0.3487 -0.3206 -0.1800 -0.0394 -0.0675 -0.0675 -0.0675 0.1012 0.0731 
-0.2362 -0.0675 0.1294 0.1856 0.0731 -0.0956 -0.3487 -0.5174 -0.4893 -0.3768 -0.0675 0.2137 -0.0112 -0.3768 -0.0675 -0.1518 -0.2924 -0.4893 -0.5455 -0.6299 -0.7705 -0.6299 -0.4049 -0.2081 -0.1800 -0.3487 -0.4330 -0.2362 -0.0112 -0.0675 -0.2081 -0.0675 
0.0450 0.0169 -0.0956 -0.3487 -0.5174 -0.5455 -0.5455 -0.5455 -0.4612 -0.4330 -0.0112 0.2700 0.0169 -0.0675 -0.0394 -0.2643 -0.1800 -0.4049 -0.5455 -0.4893 -0.6299 -0.6861 -0.4612 -0.2643 -0.2362 -0.3768 -0.4612 -0.3487 -0.1518 -0.1800 -0.4330 -0.4330 
-0.3206 -0.5736 -0.7142 -0.7705 -0.6018 -0.3206 -0.2643 -0.4330 -0.4893 -0.5455 -0.0394 0.2137 0.0450 0.1294 -0.2643 -0.1800 -0.0675 -0.3206 -0.2924 -0.2643 -0.4612 -0.5455 -0.4049 -0.4330 -0.3487 -0.2362 -0.3487 -0.4330 -0.3487 -0.3487 -0.5455 -0.7142 
-1.0236 -0.9955 -0.7986 -0.7142 -0.4049 -0.3487 -0.4330 -0.4893 -0.5736 -0.6861 -0.1237 0.2419 -0.0956 0.1575 -0.2081 -0.2924 -0.2081 -0.2924 -0.2924 -0.2643 -0.3768 -0.5174 -0.3768 -0.4330 -0.4049 -0.2643 -0.3487 -0.5174 -0.6299 -0.6018 -0.6299 -0.7424 

Канал 1:
-0.1001 -0.1001 -0.1252 -0.2259 -0.2007 -0.2007 -0.0497 -0.0497 -0.0246 0.1013 0.3026 0.0761 -0.1001 -0.2511 -0.3266 -0.4021 -0.5028 -0.5783 -0.6286 -0.6538 -0.7293 -0.8300 -0.9306 -1.0565 -1.1823 -1.3082 -1.4340 -1.4843 -1.4592 -1.6102 -1.7360 -1.8367 
-0.0497 -0.0749 -0.0749 -0.2259 -0.2259 -0.2259 -0.0749 0.0006 -0.0246 -0.0497 0.2020 0.2271 -0.0497 -0.2259 -0.3266 -0.4021 -0.4776 -0.5783 -0.6789 -0.6286 -0.7544 -0.9306 -0.9810 -1.1320 -1.2327 -1.3585 -1.4843 -1.5347 -1.5095 -1.6605 -1.6857 -1.6857 
-0.1001 -0.1504 -0.1504 -0.2762 -0.3518 -0.2007 -0.1252 -0.4273 -0.2259 -0.0497 0.0258 0.3026 0.3530 0.0006 -0.3014 -0.3518 -0.4776 -0.6286 -0.7544 -0.7041 -0.8803 -1.0061 -1.1068 -1.2578 -1.3082 -1.3837 -1.4340 -1.3837 -1.2830 -1.3082 -1.2578 -1.2327 
-0.0749 -0.1252 -0.1504 -0.2007 -0.3769 -0.1252 -0.3014 -1.0313 -0.1252 0.2271 0.0258 0.1516 0.4536 0.4033 0.0761 -0.2007 -0.5028 -0.7796 -0.8048 -0.8048 -0.9055 -1.0565 -1.0565 -1.0313 -0.9558 -0.9055 -0.8300 -0.8048 -0.7796 -0.8300 -0.8803 -0.9306 
-0.1504 -0.1756 -0.1756 -0.1756 -0.3769 -0.2259 -0.4021 -0.9055 -0.1504 -0.0749 -0.2511 -0.2511 -0.1504 0.1516 0.1768 0.0509 -0.1756 -0.7041 -0.7293 -0.6538 -0.4524 -0.5279 -0.4524 -0.3769 -0.3769 -0.4273 -0.4273 -0.4524 -0.4776 -0.5783 -0.7041 -0.8803 
-0.2511 -0.3014 -0.2762 -0.2259 -0.4021 -0.4776 -0.5531 -0.5279 -0.4524 -0.4021 -0.3266 -0.2762 -0.2007 -0.1001 -0.1001 -0.0749 0.0258 -0.1001 0.0006 0.0258 0.0509 0.0509 -0.0497 0.0006 -0.1252 -0.2511 -0.2511 -0.3769 -0.5531 -0.7293 -0.9055 -1.0816 
-0.3266 -0.3518 -0.4021 -0.3518 -0.4273 -0.9306 -1.4088 -1.0816 -0.3769 -0.2762 -0.2511 -0.2259 -0.1756 -0.2762 -0.1252 0.0761 0.0006 0.0509 0.3530 0.4285 0.1768 0.1265 0.1265 0.1265 -0.1756 -0.4524 -0.5028 -0.6034 -0.7544 -0.8803 -1.0313 -1.1068 
-0.4021 -0.3769 -0.4021 -0.3518 -0.5531 -1.0816 -1.5095 -1.3585 -0.5531 -0.3266 -0.4021 -0.4273 -0.4524 -0.3769 -0.1756 0.0258 0.1265 -0.0497 -0.0246 0.2523 0.2775 0.4033 0.3781 -0.1001 -0.4021 -0.5279 -0.5279 -0.5783 -0.6789 -0.7544 -0.8551 -0.9810 
-0.4273 -0.4021 -0.3518 -0.1756 -0.1001 0.1516 -0.3266 -1.2327 -0.6286 -0.3518 -0.1756 0.0258 -0.0246 0.0509 0.0761 -0.1001 0.0761 0.1516 0.0761 0.0006 0.2020 0.3278 0.4033 0.1265 -0.2762 -0.3266 -0.4021 -0.5028 -0.6034 -0.7041 -0.6789 -0.6538 
-0.1504 0.0761 0.4285 0.7557 1.1080 1.4856 0.1516 -1.1068 -0.5783 -0.3518 -0.1252 0.3781 0.4788 0.6550 0.4788 0.0761 0.1265 0.2020 0.2271 0.1265 0.1516 0.3026 0.4536 0.5040 0.0509 -0.2007 -0.3266 -0.3518 -0.3266 -0.3266 -0.3266 -0.4021 
0.8060 1.1080 1.3849 1.5611 1.7121 1.8128 -0.2259 -1.1320 -0.4524 -0.5279 -0.7041 0.1516 0.5292 0.8060 0.7305 0.2271 0.2020 0.2523 0.1768 0.2020 0.2020 0.1768 0.3026 0.4033 0.1768 0.0006 0.0006 -0.0497 -0.1001 -0.1756 -0.2259 -0.3266 
1.4101 1.5359 1.6114 1.6617 1.7372 1.7876 -0.1252 -1.3082 -0.4273 -0.3014 -0.6034 0.1265 0.6298 0.3530 0.6047 0.4033 0.2020 0.2775 0.2020 0.1265 0.2271 0.1768 0.1265 0.3026 0.1013 -0.0246 0.0761 0.0258 -0.0497 -0.1001 -0.2007 -0.3266 
1.4856 1.5359 1.5862 1.5107 1.5107 1.5359 0.4788 -1.2578 -0.6286 0.0761 0.2523 0.5543 0.9319 0.5543 0.4536 0.4788 0.2271 0.4285 0.2523 0.1013 0.1768 0.2020 0.0509 0.1768 0.3530 -0.0497 -0.0497 0.0761 0.0006 -0.1252 -0.3266 -0.5531 
1.3849 1.3597 1.3345 1.2339 1.2339 1.2339 0.9319 -0.5531 -1.3585 -0.6286 0.1265 0.4788 0.8312 0.8815 0.4285 0.3781 0.2523 0.5292 0.3781 0.2271 0.2020 0.2020 0.0761 0.0509 0.4788 0.1768 -0.1252 0.0006 -0.1252 -0.3266 -0.6034 -0.8551 
1.1332 1.1080 1.1080 1.1080 1.1332 1.2590 1.2842 0.8312 -0.3518 -0.8300 -1.1320 -0.7041 0.0258 0.2271 0.1516 0.2775 0.4033 0.6550 0.6802 0.4788 0.3026 0.2523 0.0761 0.0006 0.2523 0.3278 -0.2511 -0.2007 -0.3266 -0.6538 -0.8300 -0.8803 
1.0577 1.0829 1.1080 1.1835 1.3849 1.5611 1.3849 1.2339 1.3345 0.3278 -1.1571 -1.0061 0.2020 0.1516 0.0761 0.3026 0.6298 0.9822 0.9319 0.7557 0.4285 0.2523 0.1516 0.0761 0.0258 0.3278 -0.2259 -0.5028 -0.6034 -0.6538 -0.6034 -0.5279 
1.1332 1.2842 1.4352 1.5359 1.6617 1.5611 0.9570 0.4033 1.4352 1.1332 0.6047 0.1516 0.5040 0.5292 0.1013 0.2523 0.5543 0.8563 0.8815 0.7557 0.4788 0.2775 0.2271 0.2020 -0.0246 0.2523 0.0006 -0.3014 -0.2007 -0.3518 -0.4776 -0.7544 
1.4101 1.4856 1.5359 1.5862 1.7372 1.9889 1.9638 0.7808 2.0393 2.5426 1.3345 1.1080 0.1516 0.9822 0.6298 0.2523 0.5795 0.7053 0.8312 0.7557 0.5292 0.4285 0.3530 0.3026 0.0258 0.1768 0.2020 -0.1001 -0.1504 -0.6034 -1.1571 -1.4843 
1.4856 1.6617 1.9638 2.3916 3.0208 3.4739 3.7507 2.5426 1.6366 2.7188 1.8883 1.9889 0.0761 0.9570 0.9067 0.3781 0.5292 0.7053 0.8060 0.7808 0.6802 0.6047 0.5040 0.3781 0.1516 0.1265 0.2020 -0.4524 -0.9055 -1.3585 -1.5347 -1.4843 
2.3665 2.8698 3.3732 3.7256 3.8262 3.6249 3.8262 3.7507 1.7876 1.8128 1.9134 2.3916 0.3026 0.3530 1.0325 0.5543 0.5040 0.7053 0.7557 0.7557 0.7557 0.7305 0.7053 0.4536 0.2523 0.1013 -0.0497 -0.9055 -1.4088 -1.5347 -1.4843 -1.3837 
3.7004 3.8514 3.8262 3.8514 3.5997 2.2155 2.3161 2.8195 1.5862 1.2087 1.4604 1.5611 0.6802 0.4285 0.9319 0.6047 0.5543 0.7305 0.7808 0.7557 0.7305 0.7305 0.6802 0.4536 0.2020 0.0006 -0.2762 -0.8048 -1.3333 -1.4088 -1.4340 -1.4340 
3.8514 3.8514 3.8514 3.9269 3.4235 0.8312 0.4536 0.8060 0.7305 1.0074 0.8060 0.6550 0.6047 0.5292 0.4033 0.2271 0.5040 0.7557 0.8060 0.7305 0.6802 0.5292 0.3278 0.2523 0.0258 -0.2007 -0.4021 -0.4524 -0.9306 -1.2830 -1.3585 -1.4340 
3.8766 3.8766 3.8011 3.5494 2.6433 0.7557 0.6298 0.8312 0.3278 0.2523 0.1013 0.1265 0.2020 0.1768 -0.4273 -0.7544 0.1013 0.4788 0.5543 0.4536 0.3026 0.2271 0.3530 0.4285 0.1516 -0.2259 -0.5783 -0.3518 -0.4273 -1.1571 -1.3333 -1.3333 
3.7004 3.1467 2.3413 1.5611 1.1584 0.9822 0.9822 1.0074 0.2775 -0.5783 -0.4273 -0.2762 -0.2007 0.1013 0.0258 -1.0061 -1.0061 -0.3014 -0.0749 0.0761 0.2775 0.4536 0.6047 0.4536 -0.0246 -0.5279 -0.7041 -0.4524 -0.2259 -0.8048 -1.2830 -1.2830 
1.6869 1.0829 0.9067 0.8563 0.8060 0.6298 0.3530 0.1768 0.2271 -0.1001 -0.6034 -0.6789 -0.3769 0.3026 0.3278 -0.3014 -0.6538 -0.2007 0.1013 0.2523 0.5040 0.6298 0.6298 0.6550 0.2523 -0.6286 -0.8048 -0.7544 -0.4021 -0.3518 -0.9306 -1.2578 
0.4788 0.5543 0.6047 0.4788 0.2020 -0.0246 0.0761 0.2020 0.3530 0.4285 0.2020 -0.2762 -0.1504 0.1516 0.1516 -0.0246 -0.3518 -0.0749 0.2523 0.4033 0.9067 1.1080 0.8060 0.6047 0.5292 0.0509 -0.7293 -0.8551 -0.7293 -0.2762 -0.4776 -1.2075 
0.2523 0.1013 -0.0497 -0.1001 0.0761 0.2271 0.3026 0.2271 0.1265 -0.1252 -0.3014 -0.4273 -0.8048 -0.6538 -0.1252 0.1516 -0.1001 -0.0749 0.2271 0.3781 0.9822 1.2590 0.8815 0.6047 0.4033 0.2271 -0.4273 -0.8048 -0.8551 -0.5783 -0.3266 -0.8803 
-0.2511 -0.2762 -0.1252 0.0258 0.2271 0.2523 0.0761 -0.2762 -0.6286 -0.9558 -0.8300 -0.3769 -0.6034 -0.8803 -0.5028 -0.1001 -0.2259 -0.2762 -0.0749 -0.1252 0.1768 0.6298 0.6047 0.4033 0.2775 0.1516 -0.5028 -0.9810 -0.9558 -0.8803 -0.6034 -0.5783 
-0.1252 -0.0749 -0.0246 -0.0749 -0.1756 -0.3518 -0.7293 -1.0565 -1.2075 -1.2327 -0.8048 -0.3266 -0.3769 -0.6286 -0.3266 -0.6538 -0.9055 -0.9055 -0.7796 -0.7544 -0.7293 -0.2511 0.0509 0.1516 0.0761 -0.2007 -0.8551 -1.1823 -1.1320 -1.1068 -1.0061 -0.7293 
-0.0497 -0.1756 -0.4273 -0.7544 -0.9810 -1.0816 -1.1571 -1.2578 -1.2830 -1.3082 -0.8551 -0.4021 -0.4021 -0.4776 -0.5279 -1.0313 -1.1320 -1.2075 -1.1571 -1.0061 -1.0061 -0.8803 -0.6789 -0.6034 -0.6538 -0.8300 -1.1571 -1.3082 -1.2578 -1.2327 -1.2578 -1.1068 
-0.6286 -0.9558 -1.2327 -1.3837 -1.3585 -1.2578 -1.1571 -1.2578 -1.2578 -1.3585 -1.0061 -0.6286 -0.5783 -0.4776 -0.9055 -1.1320 -1.2075 -1.3082 -1.1571 -1.0313 -1.1571 -1.2830 -1.1823 -1.2830 -1.2830 -1.2327 -1.3082 -1.4088 -1.3837 -1.3333 -1.3837 -1.4088 
-1.4340 -1.5347 -1.4843 -1.5347 -1.4088 -1.4340 -1.4340 -1.3333 -1.2830 -1.3837 -1.1068 -0.6789 -0.7796 -0.5531 -0.9810 -1.3082 -1.3837 -1.4088 -1.3333 -1.2578 -1.2830 -1.3333 -1.2327 -1.3333 -1.3837 -1.3333 -1.4088 -1.4843 -1.5347 -1.4592 -1.4592 -1.5095 

Канал 2:
0.4779 0.4552 0.4326 0.3421 0.3647 0.4100 0.6590 0.7043 0.5911 0.4779 0.3421 0.1836 0.2515 0.3194 0.4552 0.3421 0.0930 -0.0428 -0.0881 -0.0654 -0.0881 -0.1107 -0.1786 -0.2918 -0.4050 -0.5182 -0.6087 -0.6540 -0.6314 -0.7672 -0.8804 -0.9710 
0.5005 0.4779 0.4779 0.3421 0.3194 0.3647 0.5911 0.6590 0.4552 0.2062 0.1383 0.1610 0.0930 0.1157 0.1610 0.1836 0.1383 0.0704 -0.0428 -0.0428 -0.1786 -0.2465 -0.2692 -0.4050 -0.5182 -0.6087 -0.6767 -0.7219 -0.6993 -0.8351 -0.8578 -0.8351 
0.4552 0.4326 0.4100 0.3194 0.2062 0.3647 0.5005 0.1836 0.1383 0.0251 -0.1786 0.0704 0.1836 -0.0202 -0.2239 -0.0881 0.0478 0.0251 -0.0654 -0.1333 -0.3597 -0.3824 -0.4276 -0.5861 -0.6314 -0.6993 -0.6767 -0.6087 -0.4956 -0.5182 -0.4956 -0.4503 
0.4779 0.4326 0.4100 0.3647 0.1836 0.4100 0.2968 -0.4729 0.0704 0.1157 -0.3145 -0.2692 0.0251 -0.0202 -0.3145 -0.3824 -0.3145 -0.2692 -0.1560 -0.2239 -0.4276 -0.4729 -0.4729 -0.4503 -0.3824 -0.3145 -0.1786 -0.1107 -0.0881 -0.1107 -0.1786 -0.2013 
0.4100 0.3873 0.3873 0.3873 0.1836 0.2741 0.1383 -0.4503 -0.0654 -0.2918 -0.6767 -0.7899 -0.7446 -0.5635 -0.5861 -0.6540 -0.5182 -0.4729 -0.1560 -0.1107 -0.0654 -0.0654 0.0251 0.0930 0.0930 0.0478 0.1610 0.1836 0.1610 0.0704 -0.0428 -0.1786 
0.2968 0.2741 0.2741 0.3421 0.1610 0.0478 -0.0428 -0.1786 -0.4503 -0.6993 -0.8578 -0.9257 -0.9483 -0.9936 -1.1068 -1.1294 -0.7446 -0.2465 0.3421 0.4552 0.4326 0.4100 0.3194 0.3647 0.2741 0.1836 0.2968 0.2515 0.0930 -0.0881 -0.2465 -0.4050 
0.2062 0.1610 0.1383 0.1836 0.1610 -0.2013 -0.7219 -0.7219 -0.5861 -0.9030 -0.9936 -1.0162 -1.0389 -1.1973 -1.1294 -0.9710 -0.9030 -0.5182 0.1383 0.5684 0.5005 0.3647 0.3421 0.4100 0.2515 0.1836 0.1836 0.0704 -0.1107 -0.2692 -0.4276 -0.4956 
0.0930 0.1157 0.0930 0.1157 0.0704 -0.2918 -0.8125 -1.0615 -0.9257 -1.1747 -1.2200 -1.1973 -1.2426 -1.1973 -1.0615 -0.9030 -0.8125 -0.9483 -0.6993 -0.0202 0.2968 0.3421 0.2968 0.0025 0.0251 0.2062 0.1836 0.0478 -0.0881 -0.2239 -0.3824 -0.4729 
0.0930 0.1157 0.1610 0.3194 0.4100 0.6590 0.1383 -1.0162 -1.0389 -1.1747 -0.8804 -0.6087 -0.7219 -0.6993 -0.6993 -0.9936 -0.9483 -0.9030 -0.8804 -0.6993 -0.3371 -0.1786 -0.0881 -0.1107 -0.1107 0.2515 0.2062 -0.0202 -0.1560 -0.2692 -0.2692 -0.2465 
0.3647 0.5684 0.8854 1.2023 1.4513 1.7456 0.4779 -0.9483 -0.9710 -1.1068 -0.6993 -0.1786 -0.1560 -0.0654 -0.2465 -0.8125 -0.9710 -0.9483 -0.9483 -0.9936 -0.9030 -0.6540 -0.4276 -0.1333 -0.0654 0.1836 0.1383 0.0251 0.0251 0.0025 -0.0202 -0.0654 
1.2476 1.5192 1.7683 1.9267 1.9946 1.9946 0.1610 -0.9030 -0.7672 -1.0615 -0.9710 -0.3371 -0.0881 0.0930 -0.0202 -0.6993 -0.8804 -0.8351 -0.9710 -1.0615 -1.1068 -0.9936 -0.8125 -0.4729 -0.2013 0.1383 0.2968 0.2289 0.2062 0.1610 0.0930 0.0251 
1.7909 1.9041 1.9494 2.0173 2.0173 2.0173 0.3421 -0.9257 -0.5408 -0.6767 -0.8804 -0.4050 -0.0654 -0.3597 -0.2013 -0.5635 -0.7899 -0.6314 -0.7446 -0.9710 -1.0162 -0.9710 -1.0389 -0.7446 -0.4956 -0.1107 0.2741 0.2968 0.2968 0.2741 0.2289 0.1157 
1.8588 1.9267 1.9720 1.9041 1.8588 1.8588 0.9759 -0.7219 -0.4729 -0.2013 -0.2692 -0.1107 0.1610 -0.2692 -0.4503 -0.5182 -0.6767 -0.3145 -0.4503 -0.7672 -0.8578 -0.8125 -1.0389 -0.8804 -0.4050 -0.3145 0.1157 0.3873 0.3873 0.3421 0.2062 0.0478 
1.8135 1.7909 1.7909 1.7003 1.6777 1.6551 1.4060 0.0025 -0.8578 -0.4050 -0.0654 0.0251 0.1383 0.0025 -0.5408 -0.6314 -0.6314 -0.2239 -0.2918 -0.5408 -0.6993 -0.7899 -1.0389 -1.0162 -0.3824 -0.2918 -0.0881 0.3194 0.3421 0.2289 0.0025 -0.2013 
1.5645 1.5419 1.5872 1.5872 1.5872 1.6324 1.6551 1.2476 0.1610 -0.3371 -0.8351 -0.6993 -0.4050 -0.4956 -0.7219 -0.6767 -0.5408 -0.1560 -0.0654 -0.3145 -0.5635 -0.8125 -1.0615 -1.0615 -0.6314 -0.2918 -0.3597 0.0251 0.1383 -0.0428 -0.2239 -0.3145 
1.3834 1.4287 1.4740 1.5645 1.7230 1.8362 1.6324 1.4740 1.5419 0.5911 -0.7672 -0.7672 0.0025 -0.2918 -0.5635 -0.5635 -0.3371 0.1157 0.1157 -0.0654 -0.4503 -0.8125 -0.9936 -1.0162 -0.8804 -0.3597 -0.5182 -0.4276 -0.2465 -0.1560 -0.0881 -0.0654 
1.3834 1.5419 1.7003 1.8362 1.9267 1.8362 1.2023 0.5911 1.4513 1.1344 0.7722 0.3647 0.5232 0.2968 -0.3371 -0.5408 -0.4050 -0.0202 0.0930 -0.0881 -0.4276 -0.7446 -0.8804 -0.9257 -0.9710 -0.4956 -0.4729 -0.4276 0.0025 0.0478 -0.0428 -0.3145 
1.6324 1.7230 1.8135 1.8815 2.0399 2.2663 2.1305 0.9080 1.9267 2.3116 1.3155 1.2476 0.3647 0.8854 0.2515 -0.5182 -0.4276 -0.1786 0.0251 -0.0881 -0.3597 -0.5408 -0.7446 -0.8351 -0.9710 -0.6540 -0.3824 -0.3145 0.0251 -0.1560 -0.6540 -0.9936 
1.8135 1.9720 2.2663 2.6738 3.3077 3.7604 3.8736 2.5832 1.5645 2.4248 1.6777 1.9267 0.2968 0.8854 0.4779 -0.4276 -0.4729 -0.1786 -0.0202 -0.0881 -0.2465 -0.3597 -0.5635 -0.7899 -0.9257 -0.7899 -0.3824 -0.5635 -0.5635 -0.7446 -0.9483 -0.9710 
2.6964 3.1945 3.6472 3.9868 4.1679 4.0321 4.0321 3.7604 1.7456 1.5419 1.5419 2.1531 0.4326 0.2968 0.5005 -0.3371 -0.4956 -0.2013 -0.0881 -0.1333 -0.1560 -0.2013 -0.3824 -0.6993 -0.8804 -0.8578 -0.5635 -0.8125 -0.8804 -0.7899 -0.8125 -0.8351 
4.0094 4.1679 4.1453 4.1905 3.8962 2.5380 2.4248 2.6511 1.2702 0.7722 1.1344 1.2249 0.2968 -0.0881 0.1610 -0.2692 -0.4050 -0.2239 -0.1560 -0.1333 -0.1107 -0.1560 -0.3597 -0.7219 -0.9030 -0.9257 -0.6087 -0.6087 -0.8125 -0.7219 -0.7446 -0.8578 
4.1679 4.1905 4.1905 4.2811 3.6246 0.9533 0.4326 0.4779 0.1610 0.3194 0.3873 0.0251 -0.3597 -0.4050 -0.2692 -0.3371 -0.2918 -0.2013 -0.2239 -0.1560 -0.0654 -0.2918 -0.6314 -0.8351 -0.9710 -0.9483 -0.5635 -0.2239 -0.5408 -0.7446 -0.7446 -0.8125 
4.1453 4.1679 4.1000 3.8736 2.9454 1.0212 0.7269 0.6816 0.0251 -0.2465 -0.6540 -0.8804 -0.8125 -0.4729 -0.4276 -0.7219 -0.4050 -0.2918 -0.3824 -0.3824 -0.3597 -0.4276 -0.4729 -0.5182 -0.6767 -0.7672 -0.6314 -0.1333 -0.1560 -0.6993 -0.7899 -0.7672 
3.8962 3.4208 2.6738 1.9946 1.6324 1.4740 1.3155 1.1797 0.3873 -0.6540 -1.1521 -1.2426 -0.9936 -0.2692 0.2062 -0.6767 -1.0615 -0.8125 -0.8578 -0.7219 -0.3824 -0.1107 -0.1107 -0.3371 -0.6540 -0.8578 -0.6767 -0.2692 -0.0202 -0.4503 -0.8125 -0.7899 
2.0399 1.4966 1.3155 1.2702 1.3381 1.2249 0.9080 0.6364 0.5911 0.1383 -0.7446 -1.0389 -0.7899 -0.0654 0.1157 -0.2692 -0.6767 -0.6314 -0.6314 -0.5408 -0.1333 0.1610 0.0251 -0.0654 -0.3597 -0.9257 -0.7446 -0.5408 -0.1786 -0.0881 -0.5635 -0.8125 
0.9306 0.9759 1.0212 0.9080 0.7043 0.5458 0.6137 0.6590 0.7269 0.7722 0.5005 -0.0428 -0.1786 -0.1786 -0.3824 -0.3371 -0.5408 -0.6087 -0.4956 -0.3597 0.2741 0.6137 0.1836 -0.1560 -0.2239 -0.4503 -0.7899 -0.6540 -0.4956 -0.0654 -0.2013 -0.7899 
0.7043 0.5684 0.4326 0.3873 0.5005 0.5458 0.6137 0.5458 0.4326 0.2062 0.0930 -0.0428 -0.5408 -0.6540 -0.4503 -0.2692 -0.5408 -0.7672 -0.5635 -0.3371 0.3873 0.7043 0.1610 -0.3145 -0.5182 -0.4956 -0.6087 -0.6540 -0.6767 -0.3597 -0.1333 -0.5408 
0.2515 0.2062 0.3421 0.4779 0.5232 0.4326 0.2741 0.0025 -0.2918 -0.5635 -0.4956 -0.1107 -0.3145 -0.6767 -0.5182 -0.3371 -0.5861 -0.7672 -0.6314 -0.5635 -0.2013 0.1157 -0.0881 -0.4276 -0.5861 -0.5861 -0.6767 -0.7899 -0.7219 -0.6314 -0.3597 -0.2918 
0.2741 0.3194 0.3421 0.2968 0.0930 -0.1560 -0.4503 -0.6993 -0.7899 -0.7672 -0.4050 -0.0654 -0.2013 -0.5182 -0.3145 -0.5861 -0.7899 -0.8578 -0.7899 -0.7672 -0.7899 -0.6087 -0.4050 -0.3597 -0.4050 -0.6087 -0.8804 -0.9030 -0.7672 -0.7219 -0.6314 -0.3824 
0.3647 0.2289 0.0025 -0.3145 -0.5861 -0.7219 -0.7672 -0.8351 -0.8351 -0.8351 -0.4276 -0.0881 -0.2465 -0.3824 -0.4503 -0.7899 -0.8125 -0.9257 -0.9257 -0.8125 -0.8804 -0.9030 -0.7219 -0.6087 -0.6540 -0.7899 -0.9710 -0.9710 -0.8578 -0.7672 -0.8125 -0.6767 
-0.1333 -0.4276 -0.6993 -0.8578 -0.8578 -0.7899 -0.6993 -0.8125 -0.8351 -0.9030 -0.5635 -0.2918 -0.3371 -0.3145 -0.6993 -0.8125 -0.8351 -0.9710 -0.8804 -0.7899 -0.9030 -0.9710 -0.8804 -0.9257 -0.9257 -0.8578 -0.9483 -1.0389 -0.9710 -0.8578 -0.8804 -0.9257 
-0.8351 -0.9257 -0.9030 -0.9710 -0.8578 -0.8804 -0.9030 -0.8804 -0.8578 -0.9483 -0.6993 -0.3597 -0.4956 -0.2918 -0.6540 -0.9030 -0.9710 -0.9936 -0.9710 -0.9030 -0.9257 -0.9257 -0.7899 -0.8804 -0.9030 -0.8351 -0.9483 -1.0389 -1.0615 -0.9483 -0.9030 -0.9483 
