Размер изображения: 32x32x3
Предсказанный класс: самолет

Пиксели изображения:

Канал 0:
0.0550 0.2813 0.4509 0.7149 0.4698 0.2624 0.3001 0.2624 0.3378 0.5075 0.6583 0.6583 0.6583 0.6583 0.6017 0.6017 0.5640 0.5263 0.6017 0.6394 0.6583 0.6583 0.6771 0.6960 0.6583 0.6583 0.6771 0.8091 0.9222 0.9222 0.9411 0.7526 
0.0173 0.2059 0.3567 0.6583 0.5075 0.0550 0.0362 0.1305 0.1305 0.2436 0.3567 0.4321 0.3190 0.3567 0.1870 0.2436 0.3378 0.2247 0.2624 0.2436 0.2813 0.3944 0.3190 0.3001 0.3190 0.3944 0.7149 0.9411 0.9788 0.9411 0.9599 0.6960 
0.0550 0.1493 0.3001 0.6017 0.6583 0.4132 0.4509 0.6771 0.5640 0.5075 0.4698 0.7149 0.7526 0.7903 0.6771 0.6206 0.7714 0.7903 0.7714 0.7903 0.8091 0.8468 0.7714 0.7337 0.7337 0.8468 1.0165 1.0353 1.0542 1.0165 0.9788 0.6960 
-0.0204 0.0928 0.2624 0.4698 0.5263 0.6206 0.8845 0.8468 0.5640 0.9788 0.9976 0.8657 1.0919 0.8468 0.8280 0.9599 0.9976 1.0353 1.0919 0.9599 1.0353 1.0919 0.8468 0.9788 1.0542 0.8657 0.9788 0.9222 1.0730 1.0353 1.0165 0.7526 
-0.0204 0.1116 0.3001 0.4132 0.4698 0.5452 0.7337 0.8280 0.5829 0.7903 0.6960 0.6206 0.8280 0.6206 0.6206 0.9411 0.8845 0.8845 0.9034 0.7526 0.8091 0.8845 0.7149 0.6771 0.9222 0.8845 0.9222 0.8280 1.0165 0.9788 1.0353 0.8280 
-0.0769 0.0739 0.2813 0.4132 0.3567 0.4132 0.8280 0.8091 0.7526 0.7149 0.6960 0.6017 0.6583 0.6960 0.6960 0.7337 0.7149 0.8091 0.6583 0.8657 0.7526 0.6771 0.7526 0.7714 0.9976 1.0165 0.9599 1.0730 1.1296 1.0542 1.0730 0.8280 
-0.0769 0.0173 0.2436 0.4132 0.3001 0.4509 0.9599 0.8091 0.6771 0.6771 0.6583 0.7149 0.5640 0.7903 0.8468 0.8091 0.8280 0.7714 0.9034 0.9976 0.8657 0.8468 0.8468 0.9222 0.8468 0.9034 0.8657 0.8091 0.8468 0.9599 1.0353 0.8091 
0.0173 0.0550 0.2059 0.3755 0.3755 0.6771 0.8845 1.0730 0.8280 0.7149 0.6960 0.7337 0.7714 0.6771 0.6583 0.8280 0.9411 0.7903 0.8280 1.0165 0.7903 0.9222 0.8280 0.9034 0.5452 0.6583 0.9034 0.9222 0.9034 0.8280 0.8845 0.6960 
0.1493 0.1305 0.2059 0.3755 0.4132 0.4509 0.4509 0.7149 0.5263 0.4321 0.4509 0.4509 0.5452 0.3378 0.3755 0.5640 0.6583 0.4886 0.5452 0.6583 0.4698 0.6771 0.5263 0.6583 0.8845 0.8280 0.6771 0.6771 0.8468 0.7526 0.7903 0.6017 
0.3567 0.2813 0.1870 0.3755 0.3378 0.3567 0.5263 0.4509 0.0550 0.0739 -0.0392 0.0739 -0.0392 -0.1146 0.0173 0.1116 0.2624 0.2624 0.2247 0.0928 0.0928 0.1870 0.0739 0.2624 0.9034 0.8845 0.6771 0.6960 0.8468 0.7714 0.7903 0.5640 
0.4321 0.5263 0.3001 0.4509 0.3944 0.4698 0.5640 0.4132 0.0739 0.1493 0.1305 0.0362 0.1305 0.2059 0.3001 0.3944 0.3378 0.2247 0.1493 0.1870 0.1493 0.3001 0.2813 0.3755 0.7903 0.8091 0.8280 0.8280 0.8468 0.7337 0.7714 0.5829 
0.5452 0.6583 0.4886 0.6583 0.5829 0.3378 0.4132 0.5640 0.5075 0.5075 0.5263 0.5452 0.6017 0.6583 0.7714 0.7714 0.7714 0.7526 0.6771 0.6206 0.6017 0.6394 0.7526 0.7526 0.6583 0.6771 0.7526 0.6960 0.7149 0.7337 0.8280 0.6394 
0.6206 0.7149 0.6394 0.3567 0.0173 -0.3785 -0.0581 0.7714 0.8657 0.7337 0.6394 0.6771 0.7337 0.7714 0.8091 0.8280 0.8091 0.7526 0.7149 0.6771 0.6771 0.7149 0.7526 0.7337 0.7337 0.7714 0.8091 0.8468 0.9411 0.9411 0.9788 0.7714 
0.6394 0.7903 0.6771 0.1116 -0.3785 -0.6802 -1.0949 -0.8121 -0.1335 0.4698 0.7903 0.7903 0.7337 0.7714 0.8280 0.8845 0.8845 0.8845 0.9034 0.8657 0.8280 0.8280 0.8845 0.8657 0.8468 0.8280 0.8280 0.8280 0.8657 0.8468 0.8657 0.6206 
0.6394 0.8468 0.8280 0.8657 0.7903 0.6017 -0.2089 -1.1326 -1.2834 -0.9064 -0.1900 0.5075 0.8091 0.9222 0.9788 0.9788 0.9788 0.9788 0.9788 0.8845 0.7903 0.7903 0.7903 0.7337 0.6960 0.7149 0.7149 0.7149 0.7337 0.7149 0.7526 0.5452 
0.6017 0.8845 0.8657 0.9034 0.8468 0.9034 0.9222 0.4698 -0.6613 -1.2834 -1.1137 -0.4539 0.3944 0.9411 1.0542 0.9976 0.9411 0.9034 0.8845 0.8845 0.8091 0.8280 0.8468 0.8091 0.7714 0.8091 0.7903 0.7337 0.7337 0.6960 0.7149 0.4886 
0.6206 0.9222 0.9599 1.0542 0.9976 1.0165 1.0542 1.1673 0.4321 -1.1326 -1.4342 -1.1515 -0.8875 -0.2277 0.5452 0.9599 1.0165 0.9411 0.8468 0.7903 0.7714 0.7903 0.7903 0.7903 0.7903 0.8091 0.7714 0.7337 0.7714 0.7149 0.7149 0.5263 
0.6583 0.9788 1.0353 1.1673 1.1296 1.1296 1.1107 1.0542 0.9599 -0.5294 -1.5285 -1.2269 -1.2834 -1.2834 -1.0006 -0.3785 0.2813 0.7149 0.9599 0.9599 0.8091 0.7526 0.8468 0.8280 0.7903 0.7903 0.7526 0.7337 0.7714 0.7337 0.7526 0.5829 
0.7149 1.0353 1.0353 1.1673 1.1296 1.1107 1.1107 1.0542 1.1107 -0.2843 -1.5096 -1.2269 -1.3023 -1.2834 -1.2457 -1.3023 -1.1892 -0.8498 -0.3974 0.0550 0.2059 0.5640 0.9599 0.9788 0.9411 0.8657 0.7903 0.7337 0.7714 0.7526 0.7337 0.5640 
0.7337 1.0919 1.0730 1.1861 1.1484 1.1296 1.1296 1.1484 0.9788 -0.7367 -1.9809 -1.7736 -1.6793 -1.4342 -1.2269 -1.1137 -1.1703 -1.3588 -1.5473 -1.6981 -1.7736 -1.4154 -0.5671 0.1305 0.5263 0.7903 0.9222 0.9034 0.9034 0.8280 0.8280 0.6206 
0.7337 1.0542 1.0353 1.1107 1.0730 1.0919 1.0730 1.1296 0.0928 -0.9629 -1.6416 -2.1694 -1.9055 -1.5850 -1.4719 -1.2080 -1.1515 -1.2457 -1.2646 -1.4908 -1.8301 -1.9998 -1.6981 -1.5096 -1.3965 -0.8498 -0.3597 0.1116 0.6017 0.8091 0.8280 0.6394 
0.6394 0.9411 0.9599 1.0730 1.0353 1.0165 1.0730 0.9034 -0.0581 -0.2277 -0.0204 -0.9818 -2.0186 -1.8678 -1.9244 -1.0572 0.0739 0.1493 -0.4539 -1.5096 -1.0195 -0.7556 -1.1892 -1.6227 -1.6039 -0.3974 0.2624 0.2059 0.3944 0.5829 0.6771 0.4886 
0.6206 0.9222 0.9411 1.0919 1.0919 1.0542 1.0730 1.0730 1.0919 1.1107 1.1861 0.6960 -0.1523 -0.1146 -0.0769 0.3001 0.9411 1.0165 0.7526 0.0362 0.2059 0.4886 0.4698 0.1305 0.0739 0.4886 0.7337 0.7903 0.8280 0.7714 0.6771 0.4509 
0.4509 0.6771 0.7526 0.8280 0.7526 0.6771 0.6206 0.5829 0.5640 0.4886 0.5075 0.3944 0.3378 0.3378 0.3567 0.3944 0.3190 0.1493 0.1682 0.2813 0.2436 0.1682 0.2436 0.3378 0.3378 0.1493 -0.0015 -0.0392 0.0928 0.2059 0.2247 0.0739 
-0.7179 -1.0006 -0.7933 -0.8498 -0.9441 -1.0383 -1.0949 -1.1137 -1.2080 -1.2646 -1.2080 -1.3588 -1.4154 -1.3965 -1.3023 -0.9629 -0.7367 -0.8310 -0.8687 -0.8498 -0.8310 -0.7933 -0.7744 -0.7367 -0.6613 -0.6236 -0.6048 -0.6236 -0.6048 -0.5859 -0.5671 -0.5294 
-0.5671 -0.8121 -0.7367 -0.6613 -0.6990 -0.7556 -0.7179 -0.7367 -0.7744 -0.7556 -0.7744 -0.8121 -0.7933 -0.8121 -0.7933 -0.8310 -0.6990 -0.7556 -0.8875 -0.8498 -0.8310 -0.8687 -0.9629 -0.9064 -0.8687 -0.8498 -0.8121 -0.8121 -0.9252 -0.9441 -1.0949 -0.9629 
-0.6048 -1.0383 -0.8498 -0.7556 -0.8121 -0.9064 -1.0195 -1.0949 -1.0949 -1.1137 -1.2080 -1.2457 -1.3211 -1.3777 -1.3588 -1.3965 -1.3588 -1.3777 -1.5096 -1.5662 -1.6039 -1.6227 -1.6416 -1.6416 -1.6604 -1.6416 -1.6227 -1.6604 -1.6039 -1.6793 -1.8678 -1.4154 
-1.1515 -1.8301 -1.6416 -1.5662 -1.6227 -1.6227 -1.6793 -1.7170 -1.6227 -1.6604 -1.7359 -1.7924 -1.7924 -1.7359 -1.7170 -1.6793 -1.6793 -1.6227 -1.6604 -1.7736 -1.8113 -1.7924 -1.7547 -1.7359 -1.7736 -1.7924 -1.8113 -1.7924 -1.8867 -1.9432 -1.4531 -1.1326 
-1.1137 -1.7359 -1.6227 -1.5850 -1.6039 -1.6039 -1.6604 -1.6416 -1.5662 -1.6416 -1.6981 -1.7547 -1.7547 -1.7547 -1.7359 -1.7170 -1.6604 -1.6793 -1.7736 -1.8113 -1.8301 -1.8301 -1.8113 -1.8113 -1.7924 -1.7736 -1.8113 -1.8678 -1.6416 -1.1137 -1.0383 -1.3400 
-1.1892 -1.7924 -1.7170 -1.7924 -1.7924 -1.7547 -1.7924 -1.7547 -1.7359 -1.7736 -1.8113 -1.8490 -1.7359 -1.7170 -1.7547 -1.7170 -1.6416 -1.7170 -1.7736 -1.7924 -1.7359 -1.7359 -1.7170 -1.7170 -1.6227 -1.6981 -1.7924 -1.5473 -1.0383 -1.1892 -1.7547 -1.6039 
-1.1892 -1.7359 -1.6793 -1.6981 -1.6981 -1.6981 -1.6981 -1.6793 -1.6981 -1.7170 -1.6416 -1.3211 -1.2834 -1.3400 -1.3965 -1.3400 -1.2080 -1.2834 -1.2646 -1.3023 -1.3588 -1.6039 -1.6227 -1.6604 -1.8867 -1.8113 -1.2457 -0.9252 -1.4342 -1.7924 -1.7170 -1.4531 
-1.1326 -1.7359 -1.7170 -1.7359 -1.6793 -1.6227 -1.6039 -1.6416 -1.6227 -1.6039 -1.6416 -1.5096 -1.4908 -1.4908 -1.5096 -1.5473 -1.4908 -1.4719 -1.4531 -1.4531 -1.4531 -1.6604 -1.6604 -1.6981 -1.6416 -1.2457 -1.2080 -1.6604 -1.7924 -1.7359 -1.6604 -1.4908 

Канал 1:
0.1021 0.4771 0.5333 0.7771 0.6458 0.3833 0.4208 0.4208 0.4583 0.5333 0.5896 0.6271 0.6458 0.6271 0.5896 0.5708 0.5333 0.5333 0.6083 0.6458 0.6646 0.6646 0.6833 0.7208 0.6833 0.6833 0.7021 0.8333 0.8708 0.8520 0.9645 0.6083 
0.0834 0.5333 0.6271 0.8333 0.7396 0.2146 0.1584 0.2521 0.2333 0.2708 0.3458 0.4771 0.3833 0.4396 0.2521 0.3083 0.4021 0.2896 0.3271 0.2896 0.3458 0.4583 0.3833 0.3458 0.3646 0.4396 0.7583 1.0020 1.0395 1.0770 1.2083 0.7396 
0.0646 0.5146 0.6458 0.8520 0.9833 0.7958 0.5146 0.3271 0.1771 0.4583 0.7396 0.8520 0.8333 0.8708 0.7396 0.7021 0.8520 0.8333 0.8145 0.8333 0.8520 0.8895 0.7958 0.7583 0.7771 0.8520 1.0208 1.0208 1.0395 1.0770 1.2083 0.7583 
0.0646 0.5146 0.7021 0.8333 0.9645 0.8708 0.7021 -0.4228 -0.7978 0.0271 0.0646 0.0834 0.1396 -0.0291 -0.0291 -0.0479 0.3083 0.1958 0.2333 0.4208 0.3271 0.2333 0.4396 0.1584 0.7021 1.0770 1.0020 1.0395 1.0020 1.0208 1.1520 0.7021 
0.0646 0.4958 0.6833 0.7583 0.8895 0.8520 0.7208 -0.4603 -0.4228 -0.2166 -0.8353 -0.8166 -0.6666 -0.5728 -0.6103 -0.7041 -0.5916 -0.6853 -0.6853 -0.4603 -0.6103 -0.7228 -0.2729 -0.7228 0.1771 0.9833 0.9458 1.0395 1.0395 1.0208 1.1895 0.7396 
0.0084 0.4396 0.6833 0.7208 0.8708 0.9270 0.6083 -0.0666 0.3458 0.3271 -0.1041 0.2708 0.3646 -0.0854 -0.0291 0.1209 0.5521 0.5146 0.4771 0.7208 0.4771 0.5333 0.7021 0.4958 0.8520 1.0770 1.0583 1.0770 1.0770 1.0958 1.2270 0.7396 
0.0271 0.4021 0.6458 0.7208 0.8145 0.8895 -0.0666 -1.0228 -0.0291 0.0084 -0.1229 0.0271 0.0271 -0.5541 -0.4228 -0.2166 0.1021 0.0084 0.3646 0.2146 -0.0104 0.4208 -0.0104 0.2521 0.1021 0.2896 1.0020 1.1145 1.1333 1.0583 1.1520 0.7021 
0.0834 0.4021 0.5896 0.6833 0.8145 0.5708 -0.5916 -0.9291 -0.5166 -0.3666 -0.3666 -0.5728 -0.0854 -0.2916 -0.2916 -0.4416 -0.5166 -0.5166 -0.3666 -0.5166 -0.7791 -0.3479 -0.5166 0.1584 -0.5166 -0.3479 0.7583 0.9083 0.9458 0.9458 1.0770 0.6646 
0.1958 0.4583 0.5521 0.6458 0.7771 0.6646 0.3833 0.4583 0.2146 0.2708 0.4021 0.2896 0.4583 0.4021 0.4208 0.3646 0.4021 0.5146 0.5146 0.4583 0.2333 0.4021 0.5146 0.7396 0.4021 0.4771 0.9270 1.0208 0.9270 0.9458 1.0958 0.6458 
0.4021 0.6083 0.5521 0.6646 0.7396 0.7771 0.8145 0.6083 0.1771 0.2708 0.2146 0.2333 0.1584 0.1396 0.2521 0.2146 0.3083 0.4396 0.4021 0.2146 0.1771 0.2333 0.2708 0.5896 0.9270 0.8895 0.9645 1.0208 0.9645 0.9645 1.0770 0.6271 
0.4958 0.8520 0.6646 0.7396 0.7771 0.7958 0.7958 0.6083 0.2333 0.3083 0.2708 0.1584 0.2521 0.2896 0.3646 0.4021 0.3271 0.2896 0.2896 0.3833 0.3271 0.4208 0.3833 0.5146 0.9083 0.8895 0.9083 0.9083 0.9270 0.9270 1.0770 0.6271 
0.6083 1.0020 0.8333 0.9270 0.9458 0.6833 0.7396 0.8895 0.8145 0.7958 0.7958 0.7958 0.7958 0.8145 0.8895 0.8895 0.8895 0.8333 0.8333 0.8895 0.8708 0.8520 0.8520 0.8708 0.9458 0.9833 0.9458 0.9458 0.9645 0.9270 1.0958 0.6833 
0.6458 1.0208 0.8895 0.5146 0.2896 -0.1791 0.0646 0.8520 0.9645 0.9645 0.9083 0.8708 0.8708 0.9083 0.9458 0.9645 0.9458 0.9083 0.8895 0.8520 0.8520 0.8895 0.9083 0.8895 0.9083 0.9645 0.9833 1.0395 1.0583 1.0395 1.1520 0.7208 
0.6646 1.0770 0.9270 0.2708 -0.1229 -0.4978 -1.0415 -0.8166 -0.1416 0.5333 0.9083 0.9083 0.8708 0.8895 0.9458 1.0020 1.0020 1.0208 1.0395 1.0020 0.9458 0.9458 1.0208 1.0208 1.0020 0.9833 0.9833 0.9833 0.9645 0.9645 1.0583 0.6083 
0.6646 1.1520 1.0770 1.0020 1.0395 0.7958 -0.1416 -1.1165 -1.3040 -0.9291 -0.1604 0.5708 0.8895 1.0020 1.0583 1.0583 1.0583 1.0583 1.0583 0.9645 0.8708 0.8708 0.8895 0.8708 0.8708 0.8708 0.8708 0.8708 0.8520 0.8708 1.0020 0.5708 
0.6271 1.1895 1.1145 1.0395 1.0958 1.1520 1.0583 0.5333 -0.6478 -1.2665 -1.0790 -0.4228 0.4396 0.9833 1.1145 1.0395 1.0020 0.9645 0.9645 0.9458 0.8895 0.9083 0.9458 0.9458 0.9270 0.9645 0.9458 0.9083 0.8895 0.8895 0.9833 0.5521 
0.6646 1.2083 1.1895 1.1708 1.1895 1.1895 1.1520 1.2458 0.4583 -1.1165 -1.4540 -1.2103 -0.9291 -0.2354 0.5708 1.0020 1.0770 0.9833 0.9083 0.8895 0.9083 0.9458 0.9458 0.9270 0.9270 0.9645 0.9458 0.9458 0.9645 0.9270 1.0020 0.5896 
0.6833 1.2270 1.2270 1.2458 1.2833 1.2458 1.1895 1.1333 1.0020 -0.5166 -1.5478 -1.2853 -1.3415 -1.3040 -1.0041 -0.3854 0.2708 0.7021 0.9458 0.9645 0.8520 0.7958 0.9083 0.8895 0.8895 0.9083 0.9270 0.9270 0.9458 0.9083 1.0020 0.5896 
0.7021 1.2458 1.1708 1.1895 1.2270 1.2270 1.1895 1.1145 1.1520 -0.2729 -1.5103 -1.2665 -1.3603 -1.3228 -1.3228 -1.3790 -1.2665 -0.9103 -0.4603 0.0084 0.1584 0.5146 0.9458 1.0020 0.9833 0.9458 0.9270 0.8895 0.9083 0.8708 0.9458 0.5521 
0.6833 1.2645 1.1895 1.1708 1.2083 1.2270 1.2083 1.2270 1.0020 -0.7228 -1.9790 -1.7915 -1.7352 -1.5290 -1.3790 -1.3040 -1.3228 -1.3790 -1.5103 -1.6602 -1.7165 -1.3415 -0.4978 0.1771 0.5708 0.8520 1.0208 1.0208 0.9833 0.9270 0.9645 0.5521 
0.7021 1.2270 1.1145 1.0958 1.1333 1.1895 1.1520 1.1520 0.0646 -1.0415 -1.7352 -2.2040 -1.9227 -1.6602 -1.6040 -1.3790 -1.2853 -1.2478 -1.2478 -1.4728 -1.7727 -1.9415 -1.6415 -1.4728 -1.3603 -0.8166 -0.3479 0.1396 0.5708 0.7958 0.9645 0.5896 
0.6271 1.1145 1.0395 1.0583 1.0958 1.1333 1.1520 0.9270 -0.1041 -0.3291 -0.1416 -1.0041 -1.9790 -1.8852 -1.9602 -1.1353 -0.0104 0.1396 -0.4416 -1.4915 -1.0041 -0.7228 -1.1728 -1.6040 -1.5665 -0.3854 0.2708 0.2146 0.3271 0.5708 0.8708 0.4771 
0.6083 1.1145 1.0208 1.0770 1.1333 1.1520 1.1708 1.1145 1.0958 1.0958 1.1520 0.7583 -0.0479 -0.0666 -0.0666 0.2896 0.9270 1.0770 0.8333 0.1209 0.2896 0.5708 0.5521 0.2146 0.1584 0.5521 0.7958 0.8708 0.8333 0.7958 0.9083 0.4958 
0.4396 0.8520 0.8333 0.8145 0.8145 0.7396 0.6833 0.6458 0.6271 0.5708 0.6083 0.5708 0.5146 0.4771 0.4396 0.4208 0.3646 0.2521 0.2896 0.4021 0.3646 0.2896 0.3646 0.4771 0.4583 0.2708 0.1209 0.0834 0.1209 0.2333 0.4583 0.1396 
-0.7228 -0.7978 -0.7228 -0.8541 -0.8916 -0.9478 -1.0041 -1.0228 -1.0978 -1.1353 -1.0603 -1.1915 -1.2478 -1.2665 -1.1915 -0.8916 -0.6666 -0.7228 -0.7416 -0.7228 -0.7041 -0.6666 -0.6478 -0.6103 -0.5353 -0.5166 -0.4978 -0.5166 -0.5541 -0.5353 -0.3479 -0.4978 
-0.6291 -0.6666 -0.7041 -0.7228 -0.7041 -0.7416 -0.7041 -0.7041 -0.7416 -0.7228 -0.7416 -0.7603 -0.7603 -0.7791 -0.7603 -0.8166 -0.6666 -0.6666 -0.7978 -0.7603 -0.7416 -0.7791 -0.8728 -0.8166 -0.7791 -0.7603 -0.7228 -0.7228 -0.9478 -1.0415 -0.9853 -0.9291 
-0.7041 -0.9103 -0.8541 -0.8353 -0.8353 -0.9103 -1.0041 -1.0790 -1.0415 -1.0603 -1.1540 -1.2290 -1.2853 -1.3603 -1.3415 -1.3603 -1.3228 -1.3415 -1.4915 -1.5478 -1.5665 -1.6040 -1.6040 -1.6040 -1.6040 -1.5853 -1.5853 -1.6040 -1.6977 -1.7915 -1.4915 -0.9478 
-1.2478 -1.6977 -1.6040 -1.6228 -1.6228 -1.6228 -1.6602 -1.6977 -1.5853 -1.6228 -1.6790 -1.7727 -1.7540 -1.6977 -1.6790 -1.6415 -1.6228 -1.5665 -1.6040 -1.7165 -1.7727 -1.7352 -1.7165 -1.6977 -1.7352 -1.7540 -1.7727 -1.7727 -1.7727 -1.4728 -0.6291 -0.4228 
-1.2665 -1.7165 -1.6415 -1.6602 -1.6415 -1.6040 -1.6790 -1.6415 -1.5665 -1.6602 -1.6977 -1.7540 -1.7352 -1.7352 -1.6977 -1.6790 -1.6040 -1.5478 -1.6228 -1.6602 -1.6790 -1.6977 -1.6602 -1.6790 -1.7352 -1.7352 -1.6790 -1.6040 -1.1165 -0.2729 -0.2541 -0.9666 
-1.3415 -1.8290 -1.6790 -1.7540 -1.7915 -1.7165 -1.7352 -1.6977 -1.6790 -1.6977 -1.7540 -1.7915 -1.6977 -1.6602 -1.6790 -1.6415 -1.5665 -1.6415 -1.6977 -1.7165 -1.6602 -1.6602 -1.6228 -1.6415 -1.6602 -1.6977 -1.4915 -0.7603 -0.1604 -0.5916 -1.3415 -1.4353 
-1.2853 -1.7352 -1.5853 -1.6040 -1.6415 -1.6602 -1.6602 -1.6602 -1.6415 -1.6602 -1.6040 -1.3415 -1.3415 -1.3978 -1.4353 -1.3790 -1.2478 -1.3228 -1.3228 -1.3603 -1.3978 -1.6415 -1.6602 -1.6040 -1.5853 -1.2103 -0.4978 -0.1791 -0.9103 -1.5853 -1.6228 -1.5290 
-1.3603 -1.8477 -1.7352 -1.7352 -1.7352 -1.7352 -1.7165 -1.7540 -1.7352 -1.7165 -1.7352 -1.5290 -1.4915 -1.4915 -1.5103 -1.5290 -1.4728 -1.4728 -1.4540 -1.4353 -1.4540 -1.6415 -1.6415 -1.5478 -1.1353 -0.4228 -0.4228 -1.1728 -1.5853 -1.6415 -1.6040 -1.5478 

Канал 2:
-0.2072 0.4084 0.5056 0.7000 0.6514 0.3436 0.3112 0.2950 0.3274 0.4408 0.5056 0.4894 0.4894 0.4894 0.4408 0.4408 0.3922 0.3760 0.4408 0.4894 0.5056 0.5056 0.4894 0.4570 0.4084 0.4084 0.4246 0.5380 0.6514 0.7648 0.8134 0.1492 
-0.0776 0.6838 0.8620 1.0564 1.0078 0.4570 0.2788 0.2788 0.2788 0.4084 0.5380 0.5380 0.4084 0.4570 0.2950 0.3436 0.4246 0.3436 0.3598 0.3436 0.3760 0.4732 0.4246 0.4246 0.4570 0.5218 0.7972 1.0078 0.9916 0.9754 1.0564 0.3436 
-0.1424 0.6352 0.8296 0.9268 0.9916 0.8296 0.5542 0.3598 0.2464 0.5380 0.7972 0.8134 0.7486 0.7810 0.6838 0.6514 0.7648 0.7648 0.7486 0.7648 0.7810 0.8134 0.7486 0.7486 0.7486 0.8296 0.9754 0.9916 0.9106 0.8620 1.0078 0.3598 
0.0682 0.7324 0.7972 0.9754 1.0402 0.9430 0.6352 -0.4988 -0.6932 -0.0614 0.0682 0.2464 0.2626 0.0844 0.0682 0.1492 0.3436 0.2626 0.2626 0.3922 0.3760 0.3922 0.2950 0.0520 0.7324 1.0726 0.9430 0.9592 1.0078 0.9916 1.1050 0.3922 
0.0844 0.6676 0.6514 0.9106 1.0078 1.0240 0.8458 -0.3206 -0.1424 -0.1586 -0.6770 -0.5312 -0.5312 -0.5798 -0.6122 -0.4988 -0.4502 -0.4826 -0.5150 -0.3854 -0.4178 -0.4178 -0.3368 -0.6284 0.3922 1.0564 0.9106 0.8944 0.9754 0.9430 1.0564 0.3760 
0.0358 0.6352 0.6676 0.8944 0.9430 0.9106 0.7648 0.0520 0.5542 0.3112 -0.0938 0.2950 0.2788 -0.0290 0.0196 0.1654 0.4732 0.5056 0.4570 0.6352 0.4732 0.4894 0.5866 0.4570 0.8134 1.0240 1.0240 1.0240 0.9916 1.0240 1.1374 0.4246 
0.0358 0.5866 0.6190 0.8944 0.8944 0.8458 0.1654 -0.9362 -0.0614 0.0520 0.0682 0.2140 0.0520 -0.2882 -0.1748 -0.0290 0.2626 0.1816 0.4408 0.3274 0.1330 0.3436 0.1816 0.3760 0.0682 0.2626 0.9430 1.0402 0.9592 1.0078 1.1212 0.4246 
0.1168 0.6352 0.6028 0.8782 0.9106 0.6676 -0.2558 -0.8228 -0.4502 -0.2072 -0.0776 -0.2882 -0.1100 -0.3044 -0.3044 -0.2882 -0.2396 -0.3206 -0.2234 -0.3206 -0.5636 -0.3368 -0.3206 0.2302 -0.4016 -0.2072 0.7648 0.9430 0.8944 0.9430 1.0726 0.3922 
0.2464 0.7162 0.6028 0.8944 0.9268 0.7000 0.5056 0.5704 0.3598 0.3436 0.4084 0.3598 0.4894 0.3922 0.4084 0.4408 0.4894 0.5218 0.5218 0.4732 0.2626 0.3922 0.4246 0.6190 0.5056 0.5866 0.8458 0.9268 0.9268 0.9592 1.0726 0.3760 
0.3922 0.8134 0.5704 0.8458 0.8620 0.8458 0.9430 0.7810 0.3760 0.4084 0.3274 0.3922 0.3274 0.2950 0.3760 0.3922 0.5056 0.5866 0.5380 0.3598 0.3112 0.3274 0.3274 0.5866 0.9754 0.9754 0.9592 0.9916 0.9916 0.9754 1.0564 0.3436 
0.4246 0.9754 0.6190 0.8782 0.8620 0.8134 0.8458 0.6838 0.3112 0.3598 0.3274 0.2302 0.3112 0.3598 0.4246 0.4732 0.4408 0.3922 0.3598 0.3760 0.3274 0.3598 0.3922 0.6352 0.9916 0.9592 0.9430 0.9268 0.9268 0.9430 1.0564 0.3598 
0.4732 1.0402 0.7324 1.0078 0.9430 0.7648 0.8620 0.9754 0.8944 0.8620 0.8458 0.8620 0.8944 0.9268 0.9916 0.9916 0.9916 0.9592 0.9268 0.9106 0.8782 0.8458 0.8944 0.9268 0.9268 0.9268 0.8944 0.8458 0.8620 0.9268 1.0564 0.3922 
0.4246 0.9430 0.8134 0.7162 0.3112 -0.1424 0.1654 0.8944 1.0402 1.0240 0.9592 0.9430 0.9754 0.9916 1.0240 1.0402 1.0240 0.9592 0.9430 0.9106 0.8944 0.9268 0.9430 0.9106 0.8944 0.9430 0.9754 1.0078 1.0078 1.0078 1.1050 0.4084 
0.4408 0.9916 0.8458 0.5056 -0.0776 -0.5798 -1.0172 -0.7580 -0.0776 0.5866 0.9592 0.9592 0.9106 0.9430 0.9916 1.0402 1.0402 1.0078 1.0240 0.9916 0.9430 0.9592 1.0078 1.0078 0.9916 0.9754 0.9754 0.9754 0.9592 0.9592 1.0402 0.3436 
0.4408 1.0402 0.9754 1.1536 0.9430 0.5542 -0.2558 -1.1630 -1.2602 -0.7904 -0.0128 0.6514 0.9106 1.0078 1.0564 1.0726 1.0402 1.0240 1.0078 0.9430 0.8620 0.8620 0.8782 0.8944 0.8782 0.8782 0.8782 0.8782 0.8620 0.9106 1.0240 0.3274 
0.4084 1.0888 1.0078 1.1698 1.0240 1.0240 0.9106 0.2788 -0.7580 -1.1954 -0.9038 -0.2720 0.4894 0.9592 1.0726 1.0240 0.9916 0.9268 0.9106 0.8944 0.8458 0.8458 0.8944 0.9268 0.9268 0.9592 0.9430 0.9106 0.8944 0.9430 1.0402 0.3436 
0.4570 1.1536 0.9754 1.1536 1.0726 1.0402 1.0078 1.0240 0.3112 -1.0334 -1.3250 -1.1468 -0.9038 -0.2558 0.4894 0.8944 1.0078 1.0240 0.9592 0.9106 0.8944 0.9106 0.9106 0.8944 0.9106 0.9592 0.9592 0.9592 0.9592 0.9430 1.0564 0.4246 
0.4732 1.1698 0.9592 1.1536 1.1212 1.0564 1.0402 0.9592 0.8296 -0.5150 -1.4384 -1.3412 -1.4060 -1.3250 -1.0010 -0.4178 0.1816 0.6190 0.8620 0.9430 0.8944 0.8944 0.9916 0.9754 0.9592 0.9592 0.9268 0.9268 0.9106 0.9268 1.0564 0.4408 
0.4408 1.1374 0.8944 1.0726 1.0564 1.0240 1.0402 0.9430 0.9592 -0.2882 -1.4222 -1.3250 -1.4222 -1.3898 -1.3574 -1.3898 -1.2764 -1.0010 -0.5312 -0.0128 0.2302 0.6352 1.0240 1.0402 0.9916 0.9430 0.8944 0.8620 0.8620 0.8944 1.0240 0.4084 
0.4084 1.1374 0.8620 1.0240 1.0078 1.0240 1.0564 1.0402 0.8296 -0.6932 -1.8111 -1.7139 -1.6653 -1.5032 -1.3736 -1.2926 -1.3250 -1.4546 -1.5518 -1.6005 -1.5680 -1.1468 -0.4664 0.0034 0.3598 0.6838 0.9106 0.9916 0.9592 0.9592 1.0564 0.4246 
0.3436 1.1212 0.9754 0.9916 0.9916 1.1050 1.0726 1.0240 0.0034 -1.0334 -1.6491 -1.9893 -1.7625 -1.5356 -1.5194 -1.3574 -1.3088 -1.2926 -1.2764 -1.4546 -1.6977 -1.8273 -1.6005 -1.5356 -1.4060 -0.8552 -0.3692 0.1006 0.5866 0.8620 0.9916 0.5380 
0.2302 1.0402 1.0402 0.9754 0.9754 1.0402 1.0402 0.8134 -0.1100 -0.3692 -0.1910 -0.9038 -1.7625 -1.6977 -1.7949 -1.0982 -0.1262 -0.0128 -0.5150 -1.4384 -1.0172 -0.7742 -1.1630 -1.5356 -1.5032 -0.4502 0.1492 0.1168 0.3436 0.5704 0.7486 0.4570 
0.2140 1.0240 1.0240 0.9916 0.9916 0.9754 0.9754 0.9754 0.9754 1.0078 1.0726 0.6838 -0.0452 -0.0452 -0.0290 0.2788 0.8458 0.9430 0.7324 0.1168 0.2626 0.5056 0.4894 0.1816 0.1492 0.5380 0.7810 0.8458 0.8782 0.7648 0.7810 0.4408 
0.0682 0.8134 0.8620 0.7648 0.7162 0.6838 0.6352 0.6028 0.6028 0.5380 0.5704 0.5218 0.4894 0.5056 0.5218 0.5542 0.5542 0.5218 0.5542 0.6514 0.6190 0.5542 0.6190 0.7000 0.7162 0.5704 0.4894 0.4732 0.5704 0.5704 0.6352 0.3112 
-0.9848 -0.6770 -0.5150 -0.6770 -0.7094 -0.8066 -0.8876 -0.9038 -0.9848 -1.0334 -0.9686 -1.0172 -1.0334 -0.9848 -0.8714 -0.5474 -0.2882 -0.2558 -0.2558 -0.2396 -0.2234 -0.1910 -0.1586 -0.0614 0.0358 0.0682 0.1006 0.1006 0.1006 0.0520 0.0844 -0.2558 
-0.8228 -0.5150 -0.4502 -0.4502 -0.3854 -0.4178 -0.4016 -0.4178 -0.4826 -0.4502 -0.4988 -0.5798 -0.5636 -0.5474 -0.4988 -0.4988 -0.3854 -0.4502 -0.5636 -0.5312 -0.5312 -0.5474 -0.6122 -0.5798 -0.5312 -0.5150 -0.4826 -0.4826 -0.6932 -0.7580 -0.7580 -1.0658 
-0.9362 -0.7904 -0.6770 -0.6770 -0.6446 -0.7094 -0.8714 -1.0010 -1.0658 -1.1468 -1.2440 -1.1792 -1.1954 -1.2440 -1.2116 -1.2278 -1.2278 -1.3412 -1.4870 -1.5356 -1.5518 -1.5680 -1.6005 -1.6491 -1.6653 -1.6491 -1.6491 -1.6653 -1.7463 -1.8111 -1.6005 -1.4060 
-1.6329 -1.7301 -1.6329 -1.6977 -1.6815 -1.6005 -1.6653 -1.7463 -1.7139 -1.7949 -1.8597 -1.8597 -1.8435 -1.8111 -1.8273 -1.8111 -1.7949 -1.7301 -1.7625 -1.8597 -1.8921 -1.8759 -1.8111 -1.7301 -1.7463 -1.7787 -1.7787 -1.7787 -1.8435 -1.6815 -0.9362 -0.9362 
-1.5194 -1.6329 -1.5680 -1.6491 -1.6167 -1.6329 -1.7301 -1.6977 -1.6329 -1.7139 -1.7301 -1.6815 -1.6653 -1.7139 -1.7139 -1.7463 -1.6977 -1.6653 -1.7301 -1.7787 -1.7949 -1.7949 -1.7787 -1.7787 -1.7949 -1.7625 -1.7301 -1.6977 -1.4060 -0.7904 -0.6770 -1.4060 
-1.6167 -1.7787 -1.6653 -1.7625 -1.6977 -1.6977 -1.7787 -1.7463 -1.7463 -1.8111 -1.8435 -1.8111 -1.6977 -1.7139 -1.7787 -1.7625 -1.6977 -1.7463 -1.7787 -1.7949 -1.7463 -1.7301 -1.7625 -1.8435 -1.8111 -1.7787 -1.6329 -1.0820 -0.6122 -0.9848 -1.6167 -1.8111 
-1.6167 -1.7625 -1.6815 -1.7301 -1.6653 -1.6329 -1.6491 -1.6491 -1.6977 -1.7301 -1.6815 -1.4060 -1.3898 -1.4546 -1.5194 -1.5032 -1.4060 -1.4222 -1.4060 -1.4384 -1.4870 -1.6815 -1.7301 -1.7625 -1.7949 -1.5032 -0.8876 -0.5636 -1.1468 -1.6815 -1.7463 -1.7949 
-1.5842 -1.7949 -1.7949 -1.8759 -1.7949 -1.7139 -1.6977 -1.7625 -1.7787 -1.7949 -1.8111 -1.6167 -1.5842 -1.6167 -1.6491 -1.6977 -1.6491 -1.6167 -1.5842 -1.5842 -1.5842 -1.7625 -1.7787 -1.7301 -1.4870 -0.9524 -0.9200 -1.4546 -1.7625 -1.8111 -1.7787 -1.8111 
