Размер изображения: 32x32x3
Предсказанный класс: автомобиль

Пиксели изображения:

Канал 0:
1.0264 0.0887 -1.3647 -1.1069 0.1356 0.5107 0.4872 0.3700 0.4872 0.5341 0.2059 0.3700 0.3700 0.0184 -0.3333 -0.4036 -0.2160 -0.6380 -1.2006 -1.2006 -0.8724 -0.8724 -0.9662 -1.2241 -1.0600 -1.1538 -1.2006 -0.9193 -0.4270 -1.1303 -1.3882 -1.3647 
1.1436 -0.0519 -0.1692 0.2528 0.5576 0.5576 0.5341 0.7451 0.6982 0.6279 0.4169 0.4404 0.3466 0.3466 0.0184 -0.2395 -0.1457 -0.6146 -1.0600 -1.2475 -0.9897 -0.8724 -0.9662 -1.1069 -1.3413 -1.3882 -1.0365 -0.6849 -0.4036 -0.8724 -1.0365 -1.0600 
1.0499 0.3935 0.9561 0.8154 0.6748 0.3935 0.4638 0.6748 0.6279 0.8154 0.6279 0.5576 0.4872 0.3700 0.2528 0.1122 0.2528 -0.2629 -1.1069 -1.5054 -1.1772 -0.8724 -0.7552 -0.6615 -0.8021 -0.6146 -0.5677 -0.5677 -0.5677 -0.8021 -0.9897 -0.9428 
0.9327 0.9092 1.1436 1.0733 0.7686 0.3935 0.6748 0.6513 0.7217 1.0264 0.7451 0.7686 0.9092 0.6279 0.5576 0.6748 0.3700 0.0418 -1.0834 -1.8101 -1.4820 -1.0600 -0.8490 -0.6615 -0.4270 -0.1692 -0.2395 -0.3333 -0.7083 -0.8959 -0.6146 -0.5677 
0.9327 0.9092 0.7451 0.8623 0.6279 0.6045 0.9561 0.9327 1.0030 1.0030 1.0264 1.0499 0.9561 0.7686 0.5810 0.6748 0.8858 0.4872 -0.3567 -1.5523 -1.6226 -1.0600 -0.8490 -0.9662 -0.7083 -0.2629 -0.1926 -0.2864 -0.5442 -0.7318 -0.5208 -0.4505 
1.0733 0.9092 0.2059 0.8154 0.7920 0.7217 0.9561 1.0264 1.0499 1.0499 1.0499 1.0733 0.9561 0.9092 0.5576 0.3466 1.0733 0.9327 0.4638 -0.4505 -0.9193 -0.2395 -0.0988 -0.5442 -0.4270 -0.3567 -0.3098 -0.3333 -0.3333 -0.3567 -0.4036 -0.2629 
1.3312 0.4872 0.0653 1.0030 0.9327 0.9092 0.9561 0.9327 1.1436 1.0499 1.1905 1.1436 1.2140 1.2140 0.8858 0.4169 0.7217 0.8858 0.8858 0.7451 0.3466 0.3231 0.2997 -0.3333 -0.4739 -0.4270 -0.6146 -0.5677 -0.3567 -0.3098 -0.2864 -0.1692 
1.1671 -0.2395 0.4872 0.8389 0.8858 0.9327 0.9327 1.1436 1.2374 1.1202 1.3546 1.3781 1.2608 1.1671 1.1436 0.7217 0.6748 0.8623 0.9795 0.9561 0.8154 0.0418 0.1825 -0.3098 -0.6615 -0.5911 -0.9193 -0.7552 -0.4270 -0.4036 -0.2864 -0.2395 
0.4638 0.3231 0.5576 0.5810 0.8623 0.8858 1.0030 1.0499 1.2140 1.1905 1.1905 1.3077 1.2140 0.9327 0.8623 0.5810 0.4404 0.3700 0.7217 0.9561 1.1202 0.4638 0.7217 -0.0519 -0.7318 -0.7318 -0.5442 -0.3801 -0.4036 -0.3098 -0.3098 -0.2395 
0.4404 0.3935 0.2763 0.7920 1.0030 1.0030 1.1202 0.8154 0.9561 1.2374 1.4718 1.3546 0.9092 0.7451 0.6982 0.7920 0.5107 0.1122 0.2528 0.7920 1.0264 0.5810 0.8389 0.1356 -0.9428 -0.7318 -0.4270 -0.3801 -0.4505 -0.2864 -0.4036 -0.2395 
-0.0285 -0.5442 0.5576 0.9795 0.9092 1.1436 1.1436 1.1905 1.1905 1.3781 1.3077 0.9561 0.4638 0.5341 0.7451 1.2140 0.9092 0.2763 -0.0285 0.3700 0.5810 0.4872 0.4638 -0.2629 -1.4351 -0.7787 -0.7083 -0.7787 -0.6615 -0.4270 -0.2864 -0.1926 
-1.6460 -1.0365 0.9092 0.5107 0.2763 0.9795 1.3077 1.2843 1.2374 0.9561 0.8623 0.9561 1.1436 0.9092 0.2997 0.6513 0.9561 0.4404 -0.0519 0.3231 0.3935 0.3231 -0.0988 -1.2944 -1.6226 -0.8959 -0.7552 -0.7787 -0.7552 -0.5208 -0.3567 -0.2395 
-2.6775 -1.0131 1.3077 0.9795 1.2374 1.5656 1.2608 1.0968 1.0264 0.4872 0.6982 1.2374 1.5187 0.9092 0.3935 -0.4974 -0.9428 -0.1926 -0.3567 0.0418 0.3700 0.0184 -0.4974 -1.3413 -1.6695 -1.4585 -1.0834 -0.8724 -0.8724 -0.5208 -0.4270 -0.4036 
-2.1383 -0.8490 0.7686 0.8858 1.5187 1.4015 1.2374 1.2140 0.6982 0.3231 1.0499 1.3781 1.1671 0.7686 0.7686 0.4404 -0.6615 0.2528 0.2294 0.0653 0.4872 -0.1926 -0.8256 -1.4820 -1.8336 -1.6695 -1.2241 -0.9193 -0.8724 -0.6849 -0.6380 -0.5677 
-0.7083 -0.4036 -0.4270 0.5576 1.4249 1.2843 1.0499 1.2140 0.8858 0.8858 1.4718 1.3546 0.8389 0.6982 1.0499 1.2374 0.9092 1.2140 0.8858 1.0264 0.5810 -0.1692 -0.7083 -1.4820 -1.5992 -1.5523 -1.1303 -0.6380 -0.8490 -0.8256 -0.8959 -0.7787 
0.0653 -0.5208 -0.7318 0.5107 1.4718 1.4249 1.0499 0.7686 1.0499 1.3077 1.5890 1.6359 1.7531 1.3077 1.4249 1.5187 1.3312 1.2140 1.2374 1.2843 0.7686 0.4169 -0.5208 -1.2944 -1.5288 -1.6695 -0.9193 -0.0051 -0.3567 -1.0600 -1.0600 -0.8724 
0.3466 0.0653 -0.4739 0.2763 1.2843 1.2140 0.9561 0.3466 0.8389 1.4953 1.7766 1.4718 1.7766 1.3781 1.2843 1.5890 1.3077 1.1905 1.1436 1.2608 1.2843 0.7217 -0.8256 -1.5288 -2.0680 -1.8570 -0.6849 0.1825 0.3231 -1.0131 -1.4351 -0.9662 
0.4638 0.4638 0.2528 0.6982 1.2608 1.3312 1.3077 0.2294 0.4872 1.7531 0.7920 0.3231 1.3312 1.3781 1.0030 0.7686 0.7920 1.0733 0.8154 0.7451 0.4404 -0.4270 -1.5992 -2.1618 -2.3728 -2.0211 -0.7318 0.1825 0.4872 -0.6849 -1.6929 -1.2944 
0.6982 0.6279 0.0653 0.7217 1.4249 1.2843 1.1905 0.0418 -0.4505 1.5422 0.5107 0.7920 1.7531 1.0968 -0.1692 0.1825 -0.2629 0.2763 -0.1926 -0.8959 -1.2475 -1.8570 -2.0680 -1.9742 -2.1618 -1.6695 -0.7083 0.5107 0.5107 -0.2864 -1.8336 -1.6460 
0.7920 0.3466 -0.3567 0.5341 1.2843 1.2843 1.2843 0.3935 -1.7633 0.4169 1.2374 1.1671 1.4015 0.6982 0.2059 1.6594 0.9795 0.0418 -0.8021 -1.7398 -1.8805 -1.9742 -1.5054 -1.2944 -1.8805 -1.4351 -0.5911 0.5810 0.9561 0.1590 -1.9039 -1.9977 
0.8154 0.5810 0.3466 0.7217 1.1905 1.2374 1.1905 0.4404 -2.4197 -2.0211 -0.2160 0.2528 0.4638 0.1122 0.1122 1.3312 1.6125 0.4872 -0.8959 -1.7164 -1.4585 -1.4585 -1.2475 -1.1303 -1.8101 -1.7164 -0.6615 0.7217 1.2374 0.7451 -1.4820 -1.9742 
1.0030 0.8389 0.3700 0.4872 1.0733 1.0030 0.6513 -0.2629 -2.3259 -2.4900 -2.2321 -1.8805 -1.3413 -0.8490 -0.8021 -0.1223 0.2059 -0.2864 -0.9428 -1.8805 -1.9508 -1.9742 -1.7633 -1.1772 -1.3413 -1.3647 -0.7787 0.4169 1.2140 0.9795 -1.0834 -1.8805 
1.0733 0.8389 0.2528 0.3935 0.7920 0.7451 0.3231 -0.7083 -1.3179 -0.9662 -1.6226 -2.0915 -2.0680 -1.5054 -1.0131 -0.3567 -1.0600 -1.8805 -1.8570 -2.2087 -2.3493 -2.3728 -2.4665 -1.8805 -1.2475 -1.1538 -0.8959 -0.3801 0.8858 0.9092 -0.6849 -1.7633 
0.9795 0.4872 0.5341 0.6513 0.4872 0.5810 0.2997 0.0418 0.1825 -0.4036 -0.7787 -0.6615 -0.5911 -0.6146 -0.2395 -0.7552 -2.0680 -2.7713 -2.7947 -2.7244 -2.6072 -2.5134 -2.8416 -2.7244 -2.1618 -1.6460 -0.9193 -0.8490 0.1122 0.8858 -0.0519 -1.5992 
0.5341 0.0887 0.7451 1.0968 0.3700 0.1122 0.8389 1.3312 0.8623 -0.4505 -0.0519 0.0184 0.2528 0.1356 -0.1926 -0.8021 -1.6460 -2.3024 -2.4197 -2.5838 -2.6072 -2.7713 -2.9354 -2.8182 -2.7010 -1.6226 -0.8959 -1.3413 -0.8724 0.2997 0.4872 -0.7083 
0.5810 0.6748 0.9092 0.8389 0.5341 0.0184 0.2997 0.9795 1.1436 0.2763 0.7920 0.3700 -0.1926 0.0887 0.1590 -0.2395 -0.7552 -1.3647 -1.6929 -2.1618 -2.3962 -2.6072 -2.7713 -2.5603 -2.4431 -1.7164 -1.4820 -1.9977 -1.4820 -1.0600 -0.3567 0.0184 
0.5810 0.6513 0.7451 0.7451 0.9795 0.7686 0.1122 -0.3567 0.8389 0.1825 -0.4036 -0.1223 -0.2864 0.4872 0.7217 0.2294 -0.2629 -0.7083 -1.0365 -1.3413 -1.3882 -1.6226 -1.8570 -1.5992 -1.5288 -1.6460 -1.6460 -1.4585 -0.8256 -0.2864 -1.2710 -0.6849 
0.4872 0.5576 0.1122 0.2763 1.0499 0.8154 0.4169 -0.2864 0.0887 0.4872 -0.4739 -0.2160 -0.0988 0.5341 0.7686 0.6279 -0.1926 -0.3801 -0.2864 -0.3567 -0.5442 -0.7318 -0.7083 -0.3801 -0.4505 -0.7083 -0.7318 -0.6146 -0.3098 -0.0285 -1.0131 -0.7318 
0.6748 0.5341 -0.2864 0.0887 0.8858 0.4872 0.1356 0.1122 0.1356 -0.3333 -0.1223 0.6045 0.3700 0.5107 0.7217 0.7686 0.2059 0.0653 0.1825 -0.0754 -0.1457 -0.0519 0.0653 0.2997 0.1825 0.0418 -0.0285 -0.0754 -0.3567 -0.8256 -0.4739 0.2763 
0.1590 0.3231 0.2059 0.7686 0.7451 0.6045 0.5341 0.5341 0.6982 0.2059 0.3700 0.7920 0.6045 0.5810 0.5341 0.6279 0.4169 0.2294 0.0418 -0.1926 0.1356 0.3231 0.3466 0.5341 0.5576 0.3466 0.2997 0.1825 -0.2864 -0.3801 0.0887 0.5576 
0.3935 0.7217 1.0264 1.1671 0.7451 0.7451 0.8154 0.7686 0.7451 0.6748 0.8858 1.0030 0.7920 0.5107 0.0418 -0.0519 0.2528 0.1825 0.1122 0.0184 0.1122 0.3700 0.3935 0.5107 0.7217 0.4872 0.4169 0.2059 -0.0519 -0.0988 0.2059 0.4169 
0.5576 1.0030 1.1202 0.8389 0.0887 -0.2395 0.2294 0.5576 0.6279 0.0887 0.3231 0.4872 0.5341 0.3935 -0.0988 -0.4739 -0.0754 0.1590 0.2997 0.1825 0.2059 0.5107 0.4872 0.6045 0.7451 0.5576 0.2997 0.4872 0.4872 0.3466 0.4169 0.3935 

Канал 1:
0.8638 0.2269 -1.1338 -0.8443 0.2269 0.1980 -0.1205 -0.1495 0.1980 0.2559 -0.1495 0.0532 0.1111 -0.1784 -0.3811 -0.2653 0.0822 -0.2363 -0.8443 -1.1048 -0.9601 -0.9311 -0.9311 -1.0759 -0.8153 -0.9311 -1.0759 -0.8732 -0.3521 -1.0180 -1.1917 -1.1917 
1.2112 -0.0047 0.0243 0.4875 0.5743 0.2269 0.1401 0.4585 0.3717 0.2848 0.0532 0.0822 -0.1205 -0.0336 -0.2653 -0.4679 -0.1784 -0.4679 -0.7864 -1.1048 -0.9601 -0.9311 -0.9601 -1.0759 -1.3075 -1.3944 -1.0180 -0.6706 -0.3811 -0.7864 -0.8732 -0.9022 
1.2691 0.4585 1.1823 0.9796 0.5743 0.0243 0.1980 0.5164 0.2848 0.4875 0.2848 0.1690 -0.0916 -0.2363 -0.2653 -0.3521 -0.0916 -0.3521 -0.9890 -1.3364 -1.0759 -0.8732 -0.7285 -0.6416 -0.8153 -0.6416 -0.6127 -0.6416 -0.6127 -0.7574 -0.9311 -0.9022 
1.1823 1.1244 1.3850 1.2691 0.6901 0.0532 0.4585 0.4875 0.3717 0.7191 0.3717 0.4006 0.4296 0.0532 -0.0336 0.1401 -0.2653 -0.2942 -1.0759 -1.6549 -1.3364 -1.0759 -0.9022 -0.7574 -0.5258 -0.3232 -0.3811 -0.4100 -0.8153 -0.9601 -0.6127 -0.5548 
1.1533 1.1244 0.9507 1.1244 0.6033 0.3138 0.7480 0.7480 0.6612 0.6612 0.6901 0.7191 0.5743 0.3138 0.0243 0.1111 0.1690 0.0243 -0.2942 -1.2785 -1.4233 -1.0469 -0.9311 -1.2206 -1.0180 -0.6127 -0.4969 -0.4390 -0.6416 -0.8443 -0.5548 -0.4969 
1.4139 1.2402 0.4585 1.1244 0.8638 0.5164 0.7191 0.8059 0.7770 0.8349 0.8059 0.7191 0.6033 0.4875 0.0532 -0.1205 0.5164 0.4585 0.4296 -0.2653 -0.8732 -0.3232 -0.1784 -0.7864 -0.7574 -0.7285 -0.6127 -0.5258 -0.4390 -0.4679 -0.5258 -0.3811 
1.8482 0.8928 0.4006 1.3560 0.9796 0.8349 0.7770 0.6612 0.9507 1.0086 1.0375 0.6901 0.7770 0.7191 0.4006 0.1111 0.3427 0.3717 0.6033 0.6322 0.1111 -0.0336 0.0822 -0.6127 -0.7574 -0.6995 -0.9311 -0.8443 -0.5548 -0.4679 -0.4100 -0.2942 
1.7034 0.0243 0.9217 1.0954 0.9217 0.8638 0.7480 0.9507 1.1533 0.9796 1.0375 0.7770 0.7770 0.6033 0.5743 0.3427 0.3717 0.4585 0.6033 0.5164 0.4006 -0.3811 -0.0336 -0.4679 -0.8443 -0.8153 -1.2206 -1.0180 -0.6416 -0.5837 -0.4390 -0.3811 
0.8638 0.6612 0.9217 0.7480 0.8928 0.8059 0.8349 0.8928 1.1533 0.9796 0.6612 0.6033 0.7770 0.4296 0.2559 0.1690 0.1690 0.0243 0.2559 0.3427 0.6033 0.1980 0.7480 0.0243 -0.7574 -0.8732 -0.6995 -0.4969 -0.5258 -0.4679 -0.4679 -0.3811 
0.8928 0.7191 0.4875 0.9217 1.0375 0.9796 1.0086 0.6612 0.8638 1.0086 1.0665 0.9507 0.8638 0.6033 0.3717 0.6612 0.4875 -0.0916 -0.1784 0.2269 0.5164 0.3427 0.9796 0.4296 -0.7864 -0.7574 -0.4969 -0.4390 -0.4969 -0.3811 -0.5837 -0.3811 
0.3427 -0.4679 0.7480 1.0954 0.9217 1.1244 1.0375 1.0954 1.1244 1.1823 1.1533 1.0086 0.9507 0.8928 0.9217 1.6166 1.2402 0.3138 -0.2653 -0.0047 0.1980 0.2559 0.5743 0.0822 -1.2206 -0.7574 -0.7864 -0.8443 -0.6995 -0.5258 -0.4390 -0.3521 
-1.5681 -1.0469 1.1244 0.4875 0.1401 0.9796 1.2691 1.2402 1.1823 0.7770 0.9217 1.5008 2.2535 1.8192 0.8059 1.2981 1.5297 0.6322 -0.0626 0.2559 0.2269 0.1111 -0.0626 -1.1338 -1.3364 -0.8153 -0.7574 -0.8153 -0.7574 -0.6416 -0.5548 -0.4100 
-2.4366 -0.6995 1.5587 1.0665 1.5008 1.9061 1.5008 1.2691 1.1244 0.5454 1.0086 1.9640 2.6009 1.7034 0.8928 -0.1495 -0.6995 0.0822 -0.1495 0.3427 0.6612 0.1111 -0.3232 -1.1338 -1.3654 -1.1917 -0.9601 -0.9022 -0.8443 -0.6127 -0.6416 -0.5837 
-1.8576 -0.4679 0.9796 1.0086 1.9640 1.7903 1.5876 1.5297 0.8928 0.5164 1.5876 2.0798 1.8192 1.1823 1.1533 0.8928 -0.3232 0.8059 0.7770 0.6033 1.0086 0.0532 -0.5837 -1.2496 -1.5391 -1.3075 -1.0759 -0.9601 -0.8443 -0.7574 -0.8732 -0.7574 
-0.5548 -0.1784 -0.4100 0.6901 1.7903 1.6455 1.3271 1.5876 1.2402 1.2691 2.1087 1.9640 1.0665 0.7480 1.2981 1.8192 1.6455 2.0798 1.6745 1.8482 1.1823 0.1401 -0.3811 -1.1917 -1.1917 -1.1627 -0.9311 -0.5837 -0.8153 -0.8153 -0.9890 -0.9022 
-0.0336 -0.6706 -0.8443 0.6901 1.8482 1.7903 1.3271 1.0665 1.5876 1.9350 2.2824 2.2245 1.9350 1.2691 1.5876 2.0798 2.1377 2.0219 2.0508 2.1087 1.4139 0.9217 -0.1205 -0.9022 -1.0759 -1.3075 -0.6995 0.1980 -0.2074 -0.9601 -0.9890 -0.9022 
-0.0047 -0.2942 -0.6995 0.4006 1.6166 1.5297 1.1823 0.5743 1.4718 2.2245 2.5140 1.9929 2.0219 1.3271 1.3271 2.0508 1.9061 1.7324 1.7034 1.8482 1.9061 1.3560 -0.4390 -1.1338 -1.6839 -1.5391 -0.3811 0.4296 0.6612 -0.7864 -1.2785 -0.9022 
-0.0626 -0.0336 -0.0336 0.8059 1.5876 1.7034 1.6455 0.4875 1.1533 2.6298 1.2981 0.5743 1.6455 1.4718 0.9796 0.9507 1.0665 1.3560 1.0375 0.9507 0.7480 -0.0047 -1.3364 -1.8576 -2.0023 -1.7128 -0.4390 0.4006 0.8349 -0.2363 -1.4233 -1.2206 
0.1111 0.1111 -0.3232 0.8638 1.9640 1.8771 1.6455 0.2848 0.1111 2.3693 0.8059 0.9796 2.2245 1.2402 -0.3811 0.2848 -0.3521 0.2559 -0.0916 -0.6995 -0.9890 -1.7707 -2.0602 -1.7707 -1.7997 -1.3944 -0.5548 0.8349 1.1244 0.3427 -1.5102 -1.3944 
0.1690 -0.1205 -0.8153 0.6322 1.9640 2.1666 1.9350 0.7770 -1.4233 1.0375 1.7324 1.4139 1.7613 0.7191 -0.0336 1.9640 0.9217 -0.2363 -0.7864 -1.4233 -1.4233 -1.8576 -1.5681 -1.2206 -1.6549 -1.2496 -0.5548 0.9217 1.8771 1.0086 -1.5681 -1.6260 
0.2559 0.1401 0.0243 0.7480 1.7903 2.1377 1.8482 0.8349 -2.1760 -1.7128 0.3427 0.8059 0.7770 -0.0626 -0.4390 1.0375 1.3271 0.0822 -1.1917 -1.7707 -1.1338 -1.1048 -1.1338 -1.1048 -1.8286 -1.6839 -0.6416 1.0665 2.1377 1.7903 -0.9311 -1.6260 
0.5164 0.4585 -0.0336 0.3138 1.5297 1.7903 1.1823 -0.0336 -2.1181 -2.2339 -1.9155 -1.4812 -0.9890 -0.9022 -1.3654 -0.7574 -0.1495 -0.4679 -0.9890 -1.7997 -1.6260 -1.5391 -1.5681 -1.0759 -1.3944 -1.3075 -0.7574 0.6901 1.9350 2.0219 -0.4100 -1.6549 
0.6901 0.4585 -0.2653 0.0532 1.0086 1.4139 0.7770 -0.6416 -1.1917 -0.6416 -1.3944 -1.8865 -1.7707 -1.4523 -1.2785 -0.5548 -0.9890 -1.6549 -1.4523 -1.7128 -1.8286 -1.9155 -2.1181 -1.6549 -1.1338 -1.0759 -0.8732 -0.2942 1.3271 1.7324 -0.0336 -1.6549 
0.6033 -0.0047 0.0243 0.2269 0.4875 1.1823 0.7770 0.1690 0.2559 -0.4969 -0.9890 -0.8153 -0.6416 -0.7574 -0.3811 -0.8153 -1.7997 -2.2629 -2.2918 -2.1471 -2.0602 -2.0023 -2.2339 -2.2050 -1.8865 -1.6549 -0.8732 -0.8443 0.1690 1.3850 0.4875 -1.5391 
0.0822 -0.5258 0.2269 0.6901 0.2269 0.4585 1.4139 1.7034 0.8349 -0.8732 -0.5548 -0.6127 -0.4100 -0.5548 -0.7285 -1.0180 -1.3654 -1.8286 -2.0023 -2.1760 -2.2050 -2.2918 -2.1760 -2.0313 -2.2050 -1.5102 -0.7574 -1.4233 -1.0469 0.4585 0.9507 -0.4969 
0.0822 0.1111 0.2848 0.2848 0.2559 -0.0626 0.4875 1.3271 1.5587 0.5454 1.0375 0.2559 -0.5837 -0.4390 -0.2942 -0.4390 -0.7574 -1.3075 -1.4523 -1.7418 -1.9155 -2.1471 -2.2339 -1.9734 -1.9734 -1.3364 -1.1627 -1.9734 -1.4812 -0.9311 -0.0047 0.3427 
0.0822 0.1690 0.2559 0.2848 0.7191 0.6612 0.0822 -0.3521 1.2691 0.6322 -0.2363 -0.2074 -0.4969 0.1980 0.3138 -0.1205 -0.4679 -0.7864 -0.9311 -1.0759 -1.0180 -1.3075 -1.6260 -1.3075 -1.2206 -1.3944 -1.4812 -1.3944 -0.6995 0.0532 -1.1627 -0.6416 
-0.0336 0.2269 -0.2363 -0.1784 0.7191 0.6033 0.2848 -0.4679 0.1111 0.7770 -0.5548 -0.5258 -0.4100 0.1690 0.2269 -0.0047 -0.5548 -0.4969 -0.3521 -0.4100 -0.6416 -0.8153 -0.7864 -0.3811 -0.4390 -0.6995 -0.7285 -0.6706 -0.3521 0.1690 -0.9890 -0.8732 
0.2269 0.2559 -0.6127 -0.3521 0.4875 0.0532 -0.2942 -0.2363 -0.0336 -0.4679 -0.3521 0.2848 -0.0336 0.1111 0.1401 0.0532 -0.2653 -0.1205 -0.0916 -0.5258 -0.6416 -0.4679 -0.3232 -0.0336 -0.1495 -0.1784 -0.2363 -0.2653 -0.6127 -1.0180 -0.5258 0.1690 
-0.4390 -0.1205 -0.2074 0.3717 0.2559 0.0822 -0.0047 0.0822 0.4875 0.0243 0.0822 0.3138 0.0243 0.1401 0.1401 0.0532 -0.0047 -0.0916 -0.4390 -0.8153 -0.4390 -0.1784 -0.1205 0.0822 0.1401 -0.0626 -0.0336 -0.0916 -0.6127 -0.5837 -0.0336 0.3427 
-0.1495 0.2269 0.5164 0.7191 0.2269 0.1980 0.2269 0.1980 0.4006 0.4875 0.6033 0.4585 0.0822 0.0532 -0.1784 -0.4100 -0.1784 -0.2942 -0.3232 -0.4100 -0.3232 -0.0916 -0.0336 0.1111 0.3427 0.0243 0.0532 -0.1205 -0.2942 -0.3232 -0.0336 0.0532 
0.1111 0.5454 0.7191 0.4585 -0.1784 -0.6416 -0.3232 0.1111 0.1980 -0.2074 0.0822 0.0532 -0.0047 0.0822 -0.3232 -0.7864 -0.5258 -0.3232 -0.0626 -0.1784 -0.1495 0.1111 0.0822 0.2269 0.3717 0.1111 -0.0336 0.0822 0.1111 0.0532 0.0822 -0.0336 

Канал 2:
0.4517 -0.3159 -1.5372 -1.1882 -0.1764 -0.1066 -0.4206 -0.5602 -0.2461 -0.1764 -0.6300 -0.3857 -0.2810 -0.5951 -0.8393 -0.6300 0.0330 -0.1764 -0.9440 -1.0836 -0.8044 -0.8044 -0.8742 -1.1185 -0.8044 -0.8742 -0.9789 -0.6997 -0.0368 -0.8393 -1.0138 -1.0138 
0.9402 -0.5951 -0.4206 -0.0019 -0.0019 -0.1066 -0.0717 0.2423 -0.0717 -0.1764 -0.4904 -0.4555 -0.6300 -0.4555 -0.6997 -0.8393 -0.3508 -0.6300 -0.9440 -1.1185 -0.8044 -0.8044 -0.9091 -1.0487 -1.3278 -1.3976 -0.9440 -0.4904 -0.1066 -0.5951 -0.6649 -0.7346 
1.0449 0.0330 0.7657 0.3819 -0.0717 -0.4555 -0.0717 0.2772 -0.2113 0.0330 -0.2461 -0.3857 -0.6300 -0.7695 -0.7346 -0.7695 -0.3857 -0.6997 -1.2929 -1.3976 -0.9440 -0.7695 -0.5951 -0.4904 -0.6649 -0.4904 -0.4555 -0.4904 -0.4555 -0.5951 -0.8044 -0.7346 
0.9053 0.8704 0.9402 0.6611 0.1028 -0.5253 0.1028 0.0679 -0.1764 0.2772 -0.1415 -0.1415 -0.1066 -0.5253 -0.5602 -0.2461 -0.8044 -0.8393 -1.5372 -1.8163 -1.2580 -1.0138 -0.8044 -0.5951 -0.3159 -0.0717 -0.2113 -0.2810 -0.7695 -0.8742 -0.4206 -0.3508 
0.7657 0.9402 0.4866 0.5913 0.1028 -0.2461 0.2075 0.1726 0.1377 0.1377 0.1726 0.1726 -0.1066 -0.3857 -0.5951 -0.3857 -0.3857 -0.6300 -0.6649 -1.3976 -1.3627 -1.0138 -0.8393 -1.0836 -0.8393 -0.3857 -0.3159 -0.3159 -0.6300 -0.7695 -0.4206 -0.3508 
1.0798 1.1147 0.0330 0.6611 0.3819 -0.0019 0.2075 0.2075 0.2075 0.3819 0.2772 0.0330 -0.0717 -0.1066 -0.5951 -0.7346 -0.1066 -0.1764 0.0679 -0.4555 -0.9440 -0.2810 -0.1415 -0.6997 -0.4904 -0.5602 -0.4904 -0.4206 -0.3508 -0.3159 -0.3508 -0.1764 
1.7427 0.6611 0.1028 1.0100 0.4517 0.3470 0.3819 0.1726 0.3819 0.5913 0.5215 -0.1415 0.2075 0.3121 -0.1066 -0.5951 -0.3508 -0.2113 0.1377 0.2423 -0.1764 -0.2113 -0.1764 -0.8044 -0.5951 -0.5602 -0.8742 -0.7695 -0.4206 -0.3159 -0.2461 -0.1415 
1.6380 -0.3857 0.7308 0.7308 0.3819 0.3819 0.3121 0.4866 0.5913 0.5564 0.5564 0.0679 0.2423 0.2075 0.1377 -0.2461 -0.1415 0.1028 0.2075 0.1028 0.0330 -0.8044 -0.4904 -0.8044 -0.9091 -0.7346 -1.2231 -0.9789 -0.5253 -0.4555 -0.2810 -0.2113 
0.7657 0.4866 0.7308 0.3819 0.4517 0.3121 0.3470 0.3470 0.6262 0.4517 0.1028 -0.0019 0.3819 0.0679 -0.1066 -0.3159 -0.1066 -0.1764 -0.0019 -0.0019 0.3121 -0.2113 0.3121 -0.3508 -0.9091 -0.8742 -0.6300 -0.3857 -0.4206 -0.3159 -0.3159 -0.2113 
0.9402 0.6262 0.2075 0.6960 0.7308 0.5564 0.4517 0.0330 0.3121 0.4168 0.4866 0.4517 0.6262 0.4517 0.2423 0.5215 0.3819 -0.2810 -0.4555 -0.0019 0.3470 0.0679 0.6611 0.1726 -0.9440 -0.7346 -0.4206 -0.3508 -0.4206 -0.2461 -0.4555 -0.2113 
0.3819 -0.7695 0.5564 0.9751 0.6611 0.7308 0.4168 0.4866 0.7308 0.4866 0.3470 0.3470 0.8355 1.0798 1.1496 1.9521 1.2891 0.1028 -0.5253 -0.1066 0.1726 0.2075 0.3819 -0.0717 -1.3278 -0.7346 -0.8044 -0.8742 -0.6649 -0.4206 -0.2810 -0.1764 
-1.7465 -1.3627 1.0100 0.2423 -0.2113 0.5564 0.6960 0.6960 0.8704 -0.0368 -0.0368 0.8704 2.5453 2.3010 1.1496 1.7776 1.6729 0.4168 -0.2461 0.3470 0.4168 0.2423 -0.1415 -1.2929 -1.2929 -0.7695 -0.7695 -0.8393 -0.7695 -0.5602 -0.3857 -0.2461 
-2.4444 -0.6997 1.4636 0.7657 1.3938 1.8125 1.2193 0.9751 0.9053 0.0679 0.4866 1.7078 3.0337 1.9172 0.8704 0.1028 -0.6300 0.0330 -0.1764 0.4866 0.9053 0.3121 -0.1764 -0.9789 -1.1534 -1.1534 -1.0138 -1.0138 -0.8742 -0.4904 -0.4555 -0.4206 
-1.7465 -0.3508 0.9402 0.7657 1.9172 1.7427 1.4636 1.4287 0.6611 0.2075 1.3938 2.0219 1.9870 1.0449 0.9751 1.3240 -0.0717 1.0100 0.9751 0.7308 1.2542 0.2075 -0.4206 -1.0138 -1.2929 -1.2231 -1.1534 -1.1185 -0.8393 -0.6300 -0.6997 -0.5951 
-0.3857 -0.0019 -0.4206 0.6262 1.8474 1.6380 1.2542 1.5683 1.1147 1.1496 2.0917 1.9172 0.8704 0.3470 1.1147 2.3359 2.1265 2.4406 1.9521 2.1614 1.4287 0.2772 -0.2113 -0.9789 -0.9440 -1.0487 -0.9789 -0.6997 -0.8044 -0.6997 -0.8393 -0.7346 
0.1028 -0.5951 -0.6997 0.8355 1.9521 1.8823 1.3240 0.9751 1.5334 1.9172 2.3708 2.3010 1.8474 0.9751 1.4985 2.4406 2.5453 2.3359 2.3708 2.4406 1.6380 1.2193 0.1028 -0.6649 -0.8044 -1.2231 -0.6997 0.2423 -0.1066 -0.8742 -0.8742 -0.6997 
0.0679 -0.1764 -0.4206 0.5564 1.7078 1.6380 1.2193 0.4517 1.3938 2.3359 2.6848 2.0917 2.0917 1.2891 1.3589 2.2661 2.1614 1.9870 1.9521 2.1265 2.2661 1.7078 -0.3159 -0.9789 -1.5372 -1.5023 -0.3508 0.5215 0.9402 -0.6649 -1.1882 -0.6649 
0.0330 0.0679 0.3819 1.1147 1.7427 1.8823 1.8125 0.3470 1.0100 2.8244 1.2542 0.4866 1.8823 1.7776 1.0798 0.7657 1.0100 1.5683 1.1844 1.0798 0.8355 0.0679 -1.3627 -1.8512 -1.9559 -1.7116 -0.4206 0.5215 1.1844 -0.0019 -1.3627 -1.0138 
0.3121 0.2772 -0.0717 1.0449 2.2312 2.3010 1.9172 0.1726 0.0330 2.6848 0.7308 0.9402 2.5104 1.4985 -0.5253 0.0679 -0.5951 0.3121 -0.0368 -0.6997 -0.9789 -1.7465 -1.9908 -1.6767 -1.7465 -1.2231 -0.5253 0.9053 1.4287 0.7308 -1.3976 -1.2231 
0.3819 0.0679 -0.6997 0.6262 2.2661 2.8942 2.3708 0.8006 -1.3627 1.4287 1.9870 1.4985 1.8823 0.7657 0.0330 2.4755 1.1496 -0.1764 -0.6649 -1.2929 -1.1882 -1.5721 -1.1882 -0.9091 -1.5372 -0.9440 -0.5602 0.9053 2.3359 1.5683 -1.3976 -1.5372 
0.4517 0.4168 0.3121 0.8704 2.0917 2.7895 2.2312 0.9751 -2.0954 -1.6418 0.5564 1.0100 1.0798 0.2075 -0.1415 1.6032 1.8125 0.2772 -1.0836 -1.6418 -0.8393 -0.8044 -0.8044 -0.8393 -1.7465 -1.5023 -0.6300 1.1496 2.6499 2.3359 -0.8044 -1.5721 
0.7657 0.7657 0.2772 0.4517 1.8474 2.2661 1.3938 -0.0019 -2.0257 -2.1652 -1.8861 -1.4325 -0.8044 -0.6300 -1.1534 -0.4904 -0.0019 -0.4555 -0.9440 -1.8163 -1.5721 -1.4674 -1.4325 -0.9091 -1.2929 -1.1185 -0.7346 0.8355 2.4406 2.4755 -0.3159 -1.6070 
0.9402 0.8006 -0.0019 0.2772 1.2891 1.6729 0.9053 -0.7695 -1.1534 -0.4206 -1.2580 -1.7814 -1.7814 -1.3627 -1.1185 -0.3857 -1.0836 -1.7814 -1.5023 -1.8163 -1.8512 -1.8512 -2.0954 -1.6070 -0.9789 -0.9091 -0.7695 -0.2113 1.7427 2.0219 -0.0019 -1.6070 
0.8355 0.2423 0.4168 0.6262 0.7308 1.2891 0.8704 0.1726 0.1377 -0.5253 -0.7695 -0.4555 -0.4206 -0.5951 -0.1066 -0.6649 -1.8861 -2.3048 -2.3397 -2.1652 -1.9559 -1.7814 -2.2001 -2.2350 -1.8512 -1.6418 -0.7695 -0.8044 0.3819 1.5683 0.5913 -1.5023 
0.1726 -0.3857 0.5913 1.2193 0.4517 0.4168 1.6380 1.9521 0.5215 -1.2580 -0.4555 -0.2810 -0.1415 -0.3159 -0.4555 -0.8393 -1.1882 -1.6418 -1.8163 -1.9908 -1.9210 -1.9559 -2.0257 -1.9559 -2.2001 -1.4674 -0.5602 -1.3976 -1.0487 0.5215 1.1844 -0.2810 
0.2423 0.2423 0.3819 0.5564 0.5215 -0.0368 0.5913 1.4636 1.4287 0.3121 1.0449 0.3121 -0.3857 -0.1066 -0.0368 -0.4206 -0.6649 -1.1185 -1.3278 -1.7116 -1.8512 -2.0257 -2.2350 -1.9559 -1.9210 -1.2580 -1.0138 -1.9210 -1.3627 -0.8393 0.2075 0.6960 
0.3121 0.3819 0.4168 0.5215 1.0798 0.9053 0.1377 -0.4555 1.3589 0.5913 -0.4206 -0.2810 -0.3159 0.6262 0.6960 -0.0717 -0.3857 -0.5951 -0.8044 -0.9789 -0.9091 -1.2231 -1.6070 -1.2231 -1.1185 -1.4325 -1.5023 -1.3627 -0.4555 0.4168 -1.0836 -0.4904 
0.2075 0.5913 0.1377 0.1377 1.1147 0.8704 0.4517 -0.4555 0.2423 1.0100 -0.5253 -0.4206 -0.2461 0.4866 0.5913 0.2423 -0.4555 -0.3508 -0.1066 -0.0717 -0.3857 -0.7346 -0.7346 -0.2461 -0.3508 -0.7346 -0.7695 -0.6649 -0.2461 0.4866 -0.8742 -0.8044 
0.5215 0.6960 -0.2113 -0.0368 0.8355 0.2772 -0.1764 -0.0717 0.2075 -0.3508 -0.1415 0.6960 0.1377 0.2772 0.4517 0.3819 -0.1066 0.0330 0.2075 -0.2113 -0.3857 -0.4555 -0.2810 0.0679 -0.0717 -0.1415 -0.2113 -0.2810 -0.6997 -1.0138 -0.3159 0.4517 
-0.3159 0.1726 0.1028 0.7657 0.5913 0.3819 0.2772 0.3470 0.8006 0.2075 0.3470 0.6611 0.1377 0.2075 0.2772 0.3470 0.1377 -0.0368 -0.2810 -0.5951 -0.2113 -0.1415 -0.0717 0.1726 0.2423 0.0679 0.0679 -0.0717 -0.6997 -0.4904 0.2772 0.6611 
-0.0019 0.3819 0.6960 1.0449 0.5564 0.5215 0.5913 0.5215 0.5564 0.5913 0.8006 0.6960 0.1377 -0.0019 -0.2461 -0.3508 -0.1415 -0.3508 -0.2810 -0.2810 -0.1764 -0.0019 0.0330 0.2075 0.5215 0.2423 0.2772 0.0330 -0.2810 -0.1764 0.2423 0.3121 
0.3121 0.8006 0.8704 0.6611 -0.0019 -0.4555 -0.0019 0.3819 0.4517 -0.2113 0.0330 0.0330 0.1377 0.2075 -0.3159 -0.8044 -0.4904 -0.2461 0.0679 -0.0019 -0.0368 0.2075 0.1726 0.3470 0.5564 0.3121 0.1028 0.2772 0.3121 0.2075 0.3121 0.1028 
