Размер изображения: 32x32x3
Предсказанный класс: кошка

Пиксели изображения:

Канал 0:
0.9128 0.9318 1.0460 1.0650 0.9508 0.8747 0.9889 0.9318 0.9128 0.9318 0.9698 0.9508 0.9698 1.0650 1.1221 1.1411 1.0840 0.9889 0.9508 0.9508 0.8747 0.7415 0.7606 0.7225 0.7415 0.6274 0.5703 0.5893 0.6274 0.5132 0.3039 0.1137 
0.7986 0.7796 0.9318 1.0650 0.9889 0.9508 1.0269 0.9889 1.0079 0.8747 0.8557 0.9318 1.0079 1.1411 1.1601 1.1601 1.1221 0.9508 0.8367 0.7796 0.6654 0.5513 0.5703 0.5893 0.7415 0.7035 0.6654 0.6084 0.6274 0.4942 0.2849 0.1708 
0.7796 0.7796 0.9128 1.0840 0.9508 1.0079 1.0460 1.0460 1.0079 0.9889 0.9128 0.8937 0.9698 1.0650 1.0840 1.1221 1.1411 0.9318 0.6654 0.2088 -0.0005 -0.2288 -0.1717 0.0756 0.1898 0.4562 0.6274 0.5703 0.6084 0.5513 0.3800 0.1898 
0.8557 0.8557 0.9508 1.2172 1.0840 1.0840 1.1221 1.1221 1.0460 1.0460 1.0840 1.5406 1.2743 0.8937 0.9889 1.0269 0.9128 0.7415 -0.1146 -0.1336 -0.2288 -0.3429 -0.5712 -0.6854 -0.4571 -0.5142 0.0566 0.4181 0.5703 0.5703 0.4942 0.3230 
0.8557 0.8747 0.9698 1.1411 1.1221 1.0079 1.1221 1.0650 1.0269 1.0269 1.1982 2.5870 1.6167 0.7796 0.6845 0.6084 0.0186 -0.6093 -0.4761 0.0566 0.0376 -0.0766 -0.2478 -0.3239 -0.6854 -0.4951 -0.4761 -0.0956 0.3420 0.5323 0.4371 0.3610 
0.7225 0.4371 0.3800 0.7035 0.9698 1.0460 1.0840 1.0840 1.0079 1.0460 1.0079 1.3313 0.8937 0.3420 -0.2478 -0.8376 -0.7805 -0.8376 -0.4000 0.1517 0.2278 0.1708 0.0756 -0.3049 -0.2098 -0.3620 -0.9898 -0.8186 -0.0385 0.5703 0.5323 0.4562 
0.3230 -0.0195 -1.1991 -0.4190 0.8176 1.1411 1.1030 1.1411 1.1221 1.0650 1.0269 0.7035 0.3610 0.3230 -0.1907 -0.7996 -0.6093 -0.7235 -0.5142 0.4181 0.6845 0.2659 -0.0956 -0.0575 0.0947 -0.4761 -0.8947 -1.2181 -0.5903 0.4181 0.5893 0.4562 
0.3991 -0.2098 -1.2942 -0.7615 0.6274 1.0840 1.0460 1.1030 1.1601 0.9698 0.5703 0.1898 0.3800 0.6464 0.1137 -0.4190 -0.3620 -0.4761 -0.6283 0.2659 1.0079 0.4942 -0.1527 -0.0766 -0.1907 -0.4761 -1.0659 -1.1610 -1.0088 -0.0575 0.5323 0.4942 
1.1411 -0.1336 -1.0659 0.2659 0.8176 0.9698 1.0079 1.0650 1.0460 1.2172 0.0566 0.2849 0.8937 0.8747 0.2088 -0.4571 -0.5332 -0.4951 -0.5712 -0.5522 0.5323 0.6845 0.0566 -0.4381 -0.5142 -0.4571 -0.7425 -1.0279 -1.3323 -0.6854 0.4371 0.5132 
1.3313 0.4562 -0.3049 0.8367 1.2172 0.9128 0.8747 0.8176 1.8450 2.4158 1.8450 0.8747 1.2172 0.7225 0.2849 -0.3239 -0.4571 -0.6854 -0.9708 -0.6473 0.5132 0.6274 0.4371 -0.0766 -0.4571 -0.4381 -0.4951 -0.6664 -1.1420 -1.3323 -0.2859 0.4181 
1.3884 -0.0385 0.6084 1.0460 1.2743 0.8557 0.9318 0.2278 1.9592 2.4158 2.0924 1.0269 1.3884 0.8747 0.2849 0.1898 -0.6093 -0.5712 -1.2371 -0.3620 1.2362 0.8937 0.8557 -0.0575 -0.4381 -0.1336 -0.4190 -0.6093 -0.9708 -1.3133 -0.9708 -0.1146 
1.4835 -0.1907 0.4752 1.1411 1.4645 1.0650 1.1982 0.4562 0.1327 1.5977 1.6928 1.1411 1.4265 1.5026 0.4562 0.1327 -0.1527 -0.4951 -1.3703 0.2849 1.9021 0.9508 0.6845 -0.3239 -0.5142 -0.3049 -0.1146 -0.4761 -0.7044 -1.0469 -0.9137 -0.6473 
1.5026 -0.3810 0.3230 1.2362 1.2172 1.0650 1.2933 0.9318 -0.2478 1.1030 1.1030 0.5132 1.4455 2.0163 0.9508 0.2469 0.1898 0.0947 -1.1420 0.7606 1.5977 0.8557 0.2469 -0.3620 -0.4951 -0.4951 -0.2859 -0.4571 -0.4951 -0.7044 -0.5903 -0.7044 
1.5026 -0.3239 0.7986 1.4265 0.1708 0.4942 1.1982 1.0840 -0.1336 0.7035 0.6654 1.0840 1.5026 2.2065 1.3313 0.5893 0.3039 0.1327 -0.7425 0.8367 1.4455 0.7415 0.0756 -0.4381 -0.5712 -0.7235 -0.5712 -0.2098 -0.1907 -0.3810 -0.2478 -0.3049 
1.5977 -0.0385 1.1030 1.4455 -0.0956 -0.2098 0.8747 1.0840 -0.1907 0.0947 0.5323 1.6738 1.5216 1.1791 0.6654 0.8367 0.6845 -0.1336 -0.7425 0.7986 1.3123 0.5132 0.3800 -0.0005 -0.4761 -0.3620 -0.2859 -0.0195 0.0947 -0.1907 -0.2478 0.1327 
1.6548 0.4181 1.1791 1.4074 0.3800 -0.6093 0.5703 0.8557 0.0947 0.3800 0.6274 2.2826 2.5109 0.6654 0.4752 0.3991 0.2088 -0.0385 -0.2859 0.6464 1.1030 0.7986 0.0376 -0.4381 -0.7425 -0.4381 -0.0956 0.0376 0.1898 -0.1336 0.2088 0.4942 
1.7689 0.6845 1.1030 1.5406 1.1030 -0.6093 0.3039 0.5323 0.5323 -0.2668 0.8367 1.1982 0.9889 0.5703 0.0566 0.0566 -0.1717 -0.0956 0.0376 1.1601 0.8747 0.7225 0.4752 -0.0195 -0.6093 -0.5903 -0.3049 -0.1717 -0.0575 0.2849 0.7796 0.6464 
1.9782 1.0079 1.0269 1.3884 1.2552 -0.3049 -0.2668 0.8747 0.7225 -0.0766 0.3610 0.1517 0.0756 0.1137 -0.1527 0.0947 -0.4571 -0.1717 0.6464 0.1517 -0.7996 0.3420 0.4371 -0.6664 -0.9518 -0.9898 -0.7425 -0.1527 0.1137 0.6274 0.7606 0.5703 
1.9402 1.2933 1.0840 1.1982 1.2552 0.2659 -0.4571 0.5893 0.8176 0.4752 -0.1146 -0.6283 0.4562 0.2659 0.3610 0.7035 -0.4761 -0.3429 0.7606 0.4181 0.1327 -0.0575 -0.6664 -0.8757 -1.2562 -0.8566 -0.4571 0.4371 0.8557 0.9508 0.8367 0.7796 
1.6928 1.4645 1.1601 1.2172 1.2743 0.6464 -0.4571 0.1708 0.2278 0.5132 0.6464 -0.7615 0.3610 -0.0385 0.6654 1.4074 0.1137 -0.7044 0.3991 0.5132 0.4562 -0.4000 -1.1230 -1.1040 -1.1991 -0.3810 0.2088 1.0079 1.1601 1.0269 0.9128 0.7415 
1.0460 1.6167 1.3123 1.2743 1.3504 0.7986 -0.2098 0.3991 1.1601 -0.1336 -0.3239 -0.5712 -0.3239 0.2278 1.2933 1.5406 0.7606 -0.1907 -0.4000 -0.4381 -0.9518 -1.2181 -1.3703 -1.6367 -1.2181 -0.9518 -0.0385 0.6464 0.6464 0.3420 0.3230 0.1898 
0.1327 1.6167 1.2743 1.2933 1.3504 0.5323 -0.5142 0.7606 2.5680 2.0733 0.4371 0.4562 0.7415 1.2552 1.5216 1.5977 1.1030 0.2849 -0.0005 -0.9327 -1.4274 -1.4464 -1.1610 -0.9898 -0.9327 -0.9898 -0.7805 -0.7235 -0.6093 -0.7805 -0.9708 -1.0469 
-0.5903 1.2362 1.2172 1.2552 1.2743 0.5703 -0.0195 1.9211 2.7202 2.7012 1.8641 0.2659 0.0756 0.2659 0.1137 0.2278 -0.1146 -0.7996 -0.7996 -0.9518 -1.1040 -1.1420 -1.1230 -1.0279 -1.0279 -1.1230 -1.2752 -1.1230 -0.9708 -1.1801 -1.2752 -1.2942 
-1.3133 -0.2668 0.6464 1.1030 1.2933 1.0460 1.0460 2.5870 2.7202 2.2256 -0.0005 -0.9518 -1.0849 -1.1610 -1.1610 -1.1801 -1.2371 -1.2942 -1.2181 -1.2942 -1.3703 -1.2181 -1.2181 -1.2752 -1.2942 -1.2181 -1.2181 -1.1420 -1.0469 -1.0849 -1.1230 -1.2371 
-1.5416 -1.5416 -0.9708 0.3991 1.0650 0.4181 1.5977 2.7392 2.4919 0.5893 -0.9327 -1.1420 -1.1420 -1.1230 -1.1610 -1.1420 -1.1991 -1.2942 -1.3513 -1.4464 -1.4274 -1.3513 -1.3703 -1.2942 -1.2371 -1.0279 -0.9137 -0.9708 -1.0279 -1.1420 -1.2181 -1.1230 
-1.1801 -1.5225 -1.4464 -0.7044 0.3420 0.3420 1.9972 2.7583 1.4645 -0.8376 -1.0659 -1.1420 -1.1040 -1.1040 -1.2181 -1.2371 -1.2752 -1.3133 -1.4084 -1.3513 -1.3323 -1.3323 -1.2752 -1.2181 -0.9708 -0.9137 -0.8757 -0.9708 -1.0659 -1.1420 -0.7615 -0.5142 
-1.1040 -1.4274 -1.5035 -1.3133 -0.8376 0.3420 2.1685 2.4729 0.2659 -0.9898 -1.1610 -1.0279 -1.0659 -1.2562 -1.2562 -1.1991 -1.2181 -1.2752 -1.2752 -1.2562 -1.2562 -1.2371 -1.0659 -0.9898 -1.0659 -1.2181 -1.2752 -1.4084 -1.1230 -0.7044 -0.4761 -0.6473 
-1.1420 -1.4274 -1.5416 -1.4274 -1.2562 -0.6093 1.7499 1.9211 -0.2478 -0.8566 -1.0659 -1.1801 -0.9898 -1.1801 -1.3323 -1.2371 -1.1991 -1.1801 -1.1991 -1.2181 -1.1230 -1.3513 -1.3513 -1.1801 -1.1991 -1.3513 -1.5606 -1.3323 -0.8186 -0.8186 -1.2181 -1.1230 
-1.1420 -1.4274 -1.4845 -1.4655 -1.3133 -1.2181 -0.1146 1.1411 -0.8757 -1.0659 -1.1040 -1.0849 -0.9327 -0.9898 -1.0659 -1.2371 -1.2942 -1.3133 -1.2181 -1.1610 -1.2181 -1.2942 -1.3323 -1.3513 -1.3894 -1.3323 -1.2562 -0.8947 -1.1991 -1.5035 -1.8079 -1.1230 
-0.7996 -1.2942 -1.5035 -1.3703 -1.3894 -1.2752 -1.2942 -0.7425 -1.1610 -1.5035 -1.5796 -1.3703 -1.1610 -1.0279 -0.9898 -1.0849 -1.0279 -0.9518 -1.0088 -1.0849 -1.1420 -1.2371 -1.3513 -1.4655 -1.2942 -0.9137 -0.5903 -0.7044 -1.0279 -1.3703 -1.8460 -1.3323 
-0.9327 -1.1610 -1.4274 -1.2752 -1.3513 -1.2942 -1.2562 -1.3323 -1.2942 -1.5796 -1.6557 -1.5225 -1.5796 -1.5416 -1.4084 -1.1991 -1.0279 -0.9137 -0.8376 -0.6664 -0.7805 -1.1610 -1.2752 -1.2752 -0.9518 -0.4761 -0.0195 -0.3239 -0.9518 -1.5986 -1.5416 -1.7128 
-1.0659 -1.0279 -1.2371 -1.2752 -1.3323 -1.3323 -1.3323 -1.3703 -1.4084 -1.5986 -1.6747 -1.5416 -1.6177 -1.5416 -1.7318 -1.7508 -1.4845 -1.1991 -0.9327 -0.6854 -0.8376 -1.0849 -1.1040 -1.2371 -0.8186 -0.4000 -0.0956 -0.4000 -1.1801 -1.6367 -1.4464 -1.6938 

Канал 1:
0.0338 0.0064 0.1437 0.1986 0.0338 -0.0485 0.1162 0.0613 0.0064 0.0613 0.1437 0.0064 0.0064 0.1711 0.1711 0.2260 0.1711 0.0613 0.0064 0.0338 -0.0485 -0.1034 -0.1034 -0.1309 -0.1034 -0.2682 -0.3505 -0.3780 -0.3780 -0.4329 -0.5427 -0.7074 
0.0338 -0.0211 0.0887 0.1437 0.0338 0.0613 0.1711 0.0887 0.1437 -0.0211 0.0064 -0.0211 0.0613 0.2260 0.1711 0.1162 0.1162 0.0064 0.0338 0.1162 -0.0211 -0.1858 -0.2407 -0.2956 -0.1584 -0.2407 -0.2407 -0.3780 -0.3505 -0.4329 -0.5427 -0.6251 
-0.0211 -0.0485 0.0064 0.0064 -0.1309 0.1162 0.1711 0.1711 0.1162 0.1162 0.0887 -0.0485 0.0064 0.1162 0.0887 0.0613 0.1437 0.0887 0.0064 -0.4054 -0.5702 -0.8996 -0.9271 -0.7074 -0.6800 -0.4054 -0.2133 -0.3231 -0.3231 -0.3505 -0.4329 -0.5976 
-0.1034 -0.0211 -0.0485 0.0338 -0.0211 0.1711 0.2535 0.2260 0.1162 0.1711 0.3358 0.9673 0.5280 0.0064 0.1162 0.0887 0.0338 0.0064 -0.8447 -0.6525 -0.5702 -0.5702 -0.9820 -1.3115 -1.1193 -1.3389 -0.7074 -0.3505 -0.2407 -0.2682 -0.3231 -0.4604 
-0.1034 0.0887 0.1162 0.0887 0.0887 0.0613 0.2535 0.1437 0.0613 0.1437 0.4731 2.8342 1.2418 0.0887 0.0064 -0.0760 -0.8447 -1.5860 -1.1467 -0.2133 -0.0211 0.0887 -0.2407 -0.4604 -1.0644 -0.8996 -1.0369 -0.7624 -0.4054 -0.2682 -0.4604 -0.4878 
-0.0485 -0.1858 -0.2956 0.0338 0.1162 0.0613 0.1437 0.1162 0.0064 0.1437 0.1986 0.7477 0.3084 -0.2407 -0.9820 -1.6684 -1.4487 -1.5036 -0.7624 0.0613 0.2809 0.3084 0.1437 -0.4054 -0.2956 -0.5427 -1.4487 -1.4487 -0.7349 -0.1584 -0.3505 -0.4329 
-0.2956 -0.4329 -2.0253 -1.0095 0.1711 0.1986 0.1162 0.1986 0.1711 0.1437 0.2535 -0.1034 -0.3505 -0.0760 -0.6525 -1.2016 -0.7624 -0.9820 -0.7349 0.5280 0.8575 0.1986 -0.3231 -0.2407 0.0064 -0.7624 -1.0918 -1.7507 -1.3664 -0.3505 -0.3231 -0.4878 
0.1162 -0.4054 -1.8606 -1.2840 0.0064 0.1711 0.0887 0.1437 0.2260 0.0613 -0.0485 -0.4604 -0.0211 0.5555 -0.1309 -0.6525 -0.4329 -0.6251 -0.9271 0.1986 1.1595 0.3633 -0.4878 -0.3505 -0.4878 -0.8173 -1.3938 -1.5860 -1.7507 -0.7624 -0.2133 -0.3780 
1.3791 -0.1584 -1.4487 0.2809 0.3633 0.0613 0.1711 0.3084 0.2809 0.6653 -0.5976 -0.1584 0.8300 0.8849 0.0064 -0.8447 -0.8173 -0.7074 -0.8996 -1.0918 0.3907 0.6653 -0.2133 -0.8722 -0.9271 -0.7898 -1.0369 -1.4762 -2.0802 -1.4213 -0.1309 -0.2133 
1.7909 0.7751 -0.2956 1.1869 1.0497 0.1437 0.1437 0.1986 1.9008 2.8342 1.9008 0.5555 1.1595 0.5555 -0.0211 -0.7074 -0.7349 -1.0095 -1.4762 -1.1742 0.3907 0.6104 0.3633 -0.3505 -0.8173 -0.7074 -0.7074 -0.9545 -1.6958 -2.2175 -0.9820 -0.2133 
1.9831 0.1437 1.1046 1.5988 1.2418 0.0338 0.1986 -0.5976 2.3675 3.1088 2.2028 0.6653 1.3242 0.7202 -0.0760 0.0064 -0.9545 -0.8447 -1.8331 -0.7074 1.4889 0.9948 0.9948 -0.2956 -0.7624 -0.2407 -0.6251 -0.8722 -1.4213 -2.0527 -1.7782 -0.8173 
2.2028 -0.0760 0.9124 1.7635 1.5439 0.2535 0.3358 -0.4878 -0.4329 1.9557 1.6537 0.8575 1.3791 1.6537 0.2260 -0.1034 -0.3505 -0.7349 -1.9978 0.2809 2.4773 1.1320 0.7751 -0.5976 -0.8447 -0.4878 -0.1858 -0.6525 -0.9820 -1.5860 -1.5311 -1.5036 
2.2851 -0.4054 0.6378 1.9008 1.2418 0.3358 0.3358 -0.0485 -1.1742 1.1869 0.9124 0.0887 1.5164 2.5048 1.0497 0.0613 0.0887 0.0887 -1.6684 0.9948 2.0930 1.0497 0.1986 -0.6251 -0.7624 -0.7349 -0.4329 -0.6525 -0.6525 -1.0369 -1.0095 -1.5311 
2.2302 -0.4329 1.1869 2.1204 -0.0211 -0.1309 0.3633 0.1437 -1.0644 0.5829 0.3907 1.0497 1.7360 2.8891 1.6811 0.5555 0.1711 0.0887 -1.0918 1.1320 1.9282 0.9124 -0.0211 -0.7074 -0.8447 -1.0369 -0.8447 -0.2956 -0.2682 -0.6251 -0.5976 -1.0369 
2.3400 -0.1034 1.5439 2.0655 -0.0485 -0.5976 0.2260 0.3084 -1.0095 -0.1309 0.3358 2.0380 1.9008 1.4889 0.8026 0.8849 0.6928 -0.2956 -1.0918 1.1320 1.7635 0.6104 0.4731 -0.0485 -0.6800 -0.4878 -0.4054 -0.0211 0.1437 -0.4054 -0.7074 -0.4329 
2.3675 0.5006 1.5439 1.8459 0.7202 -0.7624 0.2535 0.3907 -0.4604 0.2535 0.5555 3.0264 3.4382 0.7477 0.5280 0.2809 0.0338 -0.1858 -0.6251 0.6378 1.3242 0.9948 -0.0760 -0.7074 -1.0644 -0.6251 -0.1858 -0.0485 -0.0211 -0.6800 -0.4054 -0.1858 
2.5322 0.9673 1.4615 1.9557 1.6262 -0.6800 0.3907 0.4182 0.2809 -0.8447 0.8849 1.4340 1.1320 0.5829 -0.1309 -0.1309 -0.2682 -0.2682 -0.5702 0.8849 0.7477 0.8300 0.5280 -0.1584 -0.9545 -0.8722 -0.4878 -0.5427 -0.7624 -0.6251 -0.0760 -0.1858 
2.8617 1.5164 1.5439 2.0106 1.9557 -0.2407 -0.4054 1.0497 0.7202 -0.4878 0.1437 -0.1584 -0.2407 -0.1584 -0.5427 -0.0211 -0.5427 -0.2133 0.4731 -0.4054 -1.5036 0.2535 0.4182 -1.1467 -1.5036 -1.5036 -1.1193 -0.4878 -0.4604 0.0338 0.1437 -0.0211 
2.7519 2.0106 1.7635 1.9282 2.0106 0.5555 -0.6251 0.7751 1.0222 0.4731 -0.5702 -1.2840 0.2809 0.0064 0.1711 0.8849 -0.5153 -0.4054 0.7751 0.1711 -0.0485 -0.3231 -1.1742 -1.4213 -1.9155 -1.3389 -1.1467 -0.1584 0.2260 0.2535 0.1162 0.0064 
2.2302 2.1479 1.7909 1.8733 1.9557 1.0497 -0.5702 0.2809 0.3633 0.6928 0.6378 -1.4213 0.1986 -0.3780 0.6378 1.7909 0.1986 -0.9820 0.2260 0.3633 0.5006 -0.6800 -1.6958 -1.6409 -1.6958 -0.5702 -0.5427 0.1986 0.2809 0.0613 0.0064 -0.1034 
1.2418 2.2577 1.8459 1.7086 1.9282 1.2693 -0.2133 0.6653 1.7635 -0.1584 -0.5702 -0.9271 -0.5702 0.1986 1.7086 1.9557 1.0222 -0.2956 -0.8996 -0.9271 -1.3664 -1.6135 -1.7782 -2.1351 -1.4762 -1.0918 -0.2956 0.3907 0.3358 -0.0485 0.0613 -0.1584 
0.2535 2.4499 1.8459 1.5988 1.8733 0.9124 -0.6525 1.1595 3.7402 3.0539 0.8026 0.8300 1.2418 1.9557 2.3400 2.2302 1.6811 0.6104 -0.0485 -1.3389 -1.6958 -1.5586 -1.1193 -0.8173 -0.7074 -0.7349 -0.3231 -0.2682 -0.1858 -0.4054 -0.5153 -0.5702 
-0.1584 2.3675 1.9831 1.6811 1.8184 0.9673 0.0338 2.7519 3.8775 3.9050 3.1088 0.8849 0.5829 0.8300 0.6104 0.6104 0.3633 -0.4878 -0.6525 -0.7898 -0.7349 -0.7349 -0.7074 -0.4878 -0.4604 -0.5427 -0.4054 -0.1858 -0.0760 -0.3780 -0.3780 -0.4329 
-0.5976 0.7202 1.5713 1.7360 1.9557 1.6262 1.5164 3.6853 3.8501 3.3010 0.6928 -0.6251 -0.8447 -0.9545 -0.9820 -1.0644 -0.8722 -0.8173 -0.8173 -0.7898 -0.6800 -0.5702 -0.5976 -0.6525 -0.5976 -0.4878 -0.4604 -0.4054 -0.4054 -0.4604 -0.4329 -0.5702 
-0.5427 -0.6525 -0.2407 1.1595 1.8733 0.6928 2.1479 3.8226 3.6853 1.3242 -0.4604 -0.7349 -0.7349 -0.7074 -0.7624 -0.7349 -0.6800 -0.7349 -0.7898 -0.8722 -0.7624 -0.6800 -0.7074 -0.5976 -0.5153 -0.2133 -0.2133 -0.2682 -0.2407 -0.3231 -0.4604 -0.2133 
0.0064 -0.4604 -0.7074 -0.1309 1.0222 0.6928 2.8068 3.9050 2.3950 -0.4878 -0.5427 -0.6251 -0.5702 -0.5702 -0.7624 -0.7898 -0.7898 -0.8173 -0.8447 -0.7624 -0.6800 -0.5976 -0.5153 -0.4329 -0.0760 -0.0211 -0.0485 -0.0760 -0.0760 -0.1584 0.3358 0.7202 
0.0887 -0.3231 -0.6800 -0.7624 -0.4329 0.9398 3.2461 3.6853 0.8849 -0.5153 -0.6525 -0.4604 -0.5153 -0.7898 -0.7898 -0.7624 -0.7349 -0.7624 -0.6800 -0.6251 -0.5702 -0.3780 -0.1309 -0.0211 -0.1584 -0.3780 -0.4329 -0.5427 -0.0760 0.5280 0.7477 0.3907 
-0.0211 -0.3505 -0.5976 -0.6800 -0.7624 -0.1309 2.9715 3.2186 0.4182 -0.1858 -0.4604 -0.6525 -0.3780 -0.6525 -0.8447 -0.7898 -0.7349 -0.6525 -0.5976 -0.5976 -0.3780 -0.5153 -0.4878 -0.2407 -0.2682 -0.4878 -0.7074 -0.2682 0.5006 0.4182 -0.3505 -0.4054 
-0.0760 -0.3780 -0.5153 -0.6251 -0.6251 -0.7349 0.6104 2.3675 -0.2956 -0.3780 -0.4604 -0.4329 -0.2133 -0.2956 -0.4054 -0.7624 -0.8722 -0.8447 -0.6251 -0.5153 -0.5153 -0.4329 -0.4878 -0.5153 -0.5702 -0.4878 -0.2407 0.3907 -0.0211 -0.5702 -1.3938 -0.4878 
0.3633 -0.2956 -0.6251 -0.5427 -0.6525 -0.5976 -0.8722 -0.1034 -0.5976 -0.9271 -1.0918 -0.7898 -0.4878 -0.2956 -0.2407 -0.5153 -0.4604 -0.3231 -0.3231 -0.3780 -0.4329 -0.4604 -0.6251 -0.7624 -0.5427 0.0338 0.5829 0.5555 0.1437 -0.3780 -1.2840 -0.7074 
0.1437 -0.2407 -0.7074 -0.5427 -0.5702 -0.5153 -0.6251 -0.8173 -0.7074 -1.0644 -1.2016 -1.0095 -1.0918 -1.0369 -0.8447 -0.6800 -0.4329 -0.2682 -0.0485 0.2260 0.0613 -0.4329 -0.6251 -0.6251 -0.1584 0.5280 1.2418 0.9398 0.1162 -0.7898 -0.7898 -1.2840 
-0.1034 -0.1584 -0.5976 -0.6800 -0.5976 -0.5153 -0.6525 -0.8173 -0.8722 -1.1467 -1.2291 -1.0369 -1.1467 -1.0369 -1.3115 -1.4487 -1.1193 -0.6525 -0.1858 0.2260 0.0064 -0.4054 -0.4329 -0.6525 -0.0485 0.5555 0.9673 0.6653 -0.3231 -0.9271 -0.7349 -1.2016 

Канал 2:
-1.1270 -1.1677 -1.0863 -1.0456 -1.1881 -1.2899 -1.1677 -1.2084 -1.2288 -1.2899 -1.2899 -1.0660 -1.1270 -1.2899 -1.2084 -1.2288 -1.3102 -1.3509 -1.3306 -1.2492 -1.2288 -1.2084 -1.2084 -1.2492 -1.2288 -1.3306 -1.2492 -1.2899 -1.3509 -1.3916 -1.3916 -1.4527 
-1.0863 -1.3102 -1.2084 -0.9845 -1.1270 -1.2492 -1.1677 -1.2084 -1.1881 -1.3509 -1.2899 -1.0252 -1.0660 -1.2899 -1.3102 -1.4527 -1.5138 -1.4527 -1.2899 -1.1067 -1.0456 -1.0049 -1.0660 -1.1474 -1.1067 -1.1881 -1.2084 -1.3509 -1.4324 -1.4934 -1.4731 -1.4324 
-1.1677 -1.4527 -1.3916 -1.1474 -1.2695 -1.2288 -1.2084 -1.2084 -1.2492 -1.2492 -1.1474 -0.9642 -1.0863 -1.3509 -1.3713 -1.4120 -1.3306 -1.1677 -1.0252 -1.1270 -1.0660 -1.1067 -1.1677 -1.1067 -1.1474 -1.0049 -1.0863 -1.3306 -1.4120 -1.4324 -1.4324 -1.4527 
-1.3102 -1.4731 -1.4934 -1.2288 -1.2492 -1.1881 -1.1474 -1.1474 -1.2288 -1.2084 -0.9642 -0.1907 -0.5978 -1.2899 -1.1677 -1.0252 -0.9438 -0.7606 -1.1677 -0.8013 -0.5774 -0.4146 -0.7810 -1.1067 -1.0660 -1.3306 -1.2084 -1.1881 -1.2492 -1.3306 -1.3306 -1.3916 
-1.2899 -1.1474 -1.1270 -1.1677 -1.2492 -1.3102 -1.1677 -1.2288 -1.2899 -1.2695 -0.9235 1.2139 0.0536 -0.9845 -0.9031 -0.6792 -1.1067 -1.4934 -0.9845 -0.1296 0.1350 0.2775 0.0129 -0.2314 -0.7606 -0.6995 -1.1677 -1.2084 -1.1474 -1.1881 -1.3916 -1.3916 
-1.0252 -0.8217 -0.9642 -1.0456 -1.2288 -1.3306 -1.2899 -1.2899 -1.3713 -1.3306 -1.2695 -0.3942 -0.5367 -0.9438 -1.2492 -1.4934 -1.2492 -1.2084 -0.5774 0.1147 0.3182 0.3590 0.2368 -0.1703 -0.1499 -0.3739 -1.1677 -1.3713 -1.1270 -0.9438 -1.2288 -1.3102 
-0.9642 -0.4960 -1.7784 -1.5545 -1.1474 -1.2492 -1.3102 -1.2492 -1.2695 -1.3713 -1.3306 -1.0660 -0.9235 -0.5978 -0.6995 -0.9642 -0.6588 -0.8217 -0.6181 0.3386 0.5625 0.0740 -0.2924 -0.2110 -0.0278 -0.5571 -0.7199 -1.3306 -1.3916 -0.9438 -1.1474 -1.3306 
-0.2924 -0.2517 -1.3509 -1.2899 -0.9845 -1.2695 -1.3916 -1.3306 -1.1270 -1.0863 -1.0863 -1.1270 -0.5571 0.0536 -0.2314 -0.5163 -0.3331 -0.4553 -0.7199 0.0536 0.7254 0.1554 -0.4756 -0.3331 -0.4146 -0.6181 -0.9438 -1.1270 -1.4731 -1.1067 -1.0863 -1.3306 
0.8068 0.0129 -0.9235 0.1758 -0.4553 -1.2492 -1.2899 -1.1067 -0.7810 -0.1907 -0.9235 -0.5367 0.3386 0.4811 -0.0685 -0.6181 -0.5571 -0.4553 -0.6385 -0.8827 0.1554 0.3793 -0.2314 -0.6995 -0.7199 -0.5774 -0.7606 -1.0456 -1.5748 -1.4120 -0.9235 -1.2084 
1.1935 0.7864 0.0129 0.9086 0.1554 -1.0863 -1.1677 -0.9031 0.8475 1.9060 1.2546 0.2979 0.8271 0.4200 0.0536 -0.5163 -0.5163 -0.6792 -1.0456 -0.9438 0.1554 0.3590 0.1961 -0.3128 -0.6181 -0.5367 -0.5367 -0.6792 -1.2492 -1.8191 -1.2288 -0.9642 
1.4378 0.3590 1.0918 1.2953 0.3590 -1.1067 -1.0863 -1.1677 1.5192 2.4760 1.7024 0.5422 1.0307 0.5625 -0.0075 -0.0075 -0.7199 -0.5571 -1.3102 -0.5571 1.0103 0.6643 0.6846 -0.2517 -0.5571 -0.1703 -0.5163 -0.6385 -0.9235 -1.4527 -1.4934 -1.1881 
1.7228 0.2368 0.9900 1.4989 0.6439 -0.9235 -1.0049 -1.2288 -0.4960 1.7024 1.2139 0.5829 0.9493 1.1121 0.0333 -0.1907 -0.3128 -0.5163 -1.4324 0.1758 1.7839 0.7661 0.5218 -0.4553 -0.5978 -0.3331 -0.2110 -0.4756 -0.5367 -1.0049 -1.1474 -1.5952 
1.8246 0.0129 0.8068 1.6414 0.5829 -0.7403 -1.0456 -1.1677 -1.2288 0.9696 0.4404 -0.2110 0.8882 1.6007 0.5014 -0.1296 0.0129 0.0943 -1.1677 0.7254 1.4989 0.7254 0.1350 -0.4349 -0.5163 -0.4960 -0.3942 -0.4756 -0.3128 -0.6385 -0.8217 -1.6359 
1.8042 -0.0278 1.1935 1.7839 -0.1296 -0.7810 -0.9438 -1.1067 -1.3306 0.3182 -0.0278 0.4607 1.0307 1.9467 1.0714 0.2572 0.0536 0.0943 -0.7403 0.8678 1.4175 0.6439 -0.0075 -0.4960 -0.5774 -0.6995 -0.6588 -0.2110 -0.1092 -0.4756 -0.7199 -1.4324 
1.8653 0.1554 1.3767 1.7024 0.0943 -0.7606 -0.8624 -1.0049 -1.4324 -0.3331 -0.0278 1.3157 1.3157 1.1121 0.7254 0.6032 0.4200 -0.1907 -0.6995 0.9086 1.3360 0.4607 0.3590 0.0129 -0.4349 -0.2721 -0.2924 -0.0075 0.1350 -0.4960 -1.0456 -1.1677 
1.8856 0.6439 1.4175 1.5599 0.7661 -0.5571 -0.3331 -0.5571 -1.0660 -0.2314 0.2368 2.1706 2.5574 0.6643 0.5218 0.1554 -0.0685 -0.1907 -0.5978 0.2775 0.8475 0.6846 -0.0685 -0.4960 -0.7403 -0.3535 -0.1092 -0.1092 -0.2314 -1.0252 -1.1474 -1.1474 
2.0281 1.1325 1.4989 1.7024 1.3767 -0.2924 0.4404 0.1758 -0.4553 -1.3713 0.5829 1.0307 0.7457 0.2572 -0.3331 -0.2924 -0.2517 -0.3535 -0.9438 -0.0075 0.0943 0.4404 0.2775 -0.1499 -0.6588 -0.5571 -0.2110 -0.4553 -1.0049 -1.2084 -1.0049 -1.1881 
2.2520 1.5396 1.6210 1.8246 1.6617 0.0129 -0.0482 0.8271 0.1350 -0.8827 0.0129 -0.1907 -0.3128 -0.3128 -0.6385 -0.1296 -0.3331 -0.1907 -0.0482 -0.8217 -1.4731 0.0129 0.2165 -0.8827 -1.0863 -1.0456 -0.8013 -0.5367 -0.8217 -0.7403 -0.8217 -1.0252 
2.0485 1.7839 1.7228 1.8042 1.7024 0.5829 -0.1703 0.7864 0.7457 0.1350 -0.4960 -1.0049 0.0740 -0.1703 -0.0889 0.5829 -0.2314 -0.2314 0.3182 -0.2314 -0.2517 -0.3739 -0.9438 -1.0660 -1.3306 -0.9031 -1.3102 -0.9235 -0.8624 -1.0252 -1.2084 -1.1881 
1.5396 1.6821 1.5599 1.6414 1.6210 0.9696 -0.1092 0.5625 0.5218 0.6236 0.4404 -1.0863 0.0740 -0.3739 0.3793 1.2953 0.2775 -0.6385 -0.0278 0.0129 0.2775 -0.5367 -1.2288 -1.1067 -1.0660 -0.2314 -0.9031 -0.7403 -0.8217 -1.0660 -1.1067 -1.1881 
0.8475 1.6821 1.4378 1.3767 1.5396 1.1325 0.1350 0.8475 1.6414 0.1350 -0.3535 -0.6385 -0.3739 0.2368 1.3971 1.4785 0.8882 -0.0685 -0.7810 -0.8420 -0.9642 -1.0252 -1.0863 -1.2899 -0.7199 -0.4349 -0.5978 -0.4553 -0.5774 -0.8827 -0.7199 -0.8420 
0.3997 1.9467 1.4582 1.2953 1.5192 0.8678 -0.2721 1.1121 2.9645 2.4556 0.8068 0.8678 1.2139 1.7839 2.1095 1.8856 1.5599 0.7864 0.0943 -0.8624 -0.9438 -0.7403 -0.3535 -0.0482 0.1147 0.1350 0.3590 0.2979 0.3182 0.1554 0.1554 0.2165 
0.5829 2.2113 1.7839 1.4785 1.5803 0.9289 0.1758 2.1299 2.9034 3.0052 2.5981 1.0714 0.9086 1.1732 1.0510 0.9696 0.8882 0.2979 -0.0075 -0.0685 0.1350 0.1147 0.2165 0.4200 0.5422 0.5218 0.6236 0.7457 0.7661 0.5625 0.6643 0.5625 
0.6236 1.2953 1.7024 1.7024 1.7839 1.4175 1.2139 2.6999 2.7813 2.5167 0.9900 0.1350 0.0129 0.0129 0.0536 -0.0685 0.2165 0.3182 0.1758 0.2368 0.4200 0.4200 0.4404 0.4811 0.5625 0.7050 0.6643 0.6643 0.6236 0.6032 0.7050 0.5829 
0.7457 0.5218 0.6032 1.4582 1.7635 0.6643 1.5599 2.8016 2.8627 1.4378 0.4607 0.2775 0.2979 0.3386 0.3182 0.2368 0.2572 0.2572 0.2165 0.1758 0.3182 0.4200 0.4200 0.5218 0.6032 0.8271 0.7661 0.7661 0.8475 0.8068 0.7254 0.9086 
1.1732 0.7254 0.3997 0.6439 1.2750 0.7864 2.1299 2.9441 2.0485 0.2775 0.4811 0.4200 0.4607 0.4607 0.3386 0.2165 0.1758 0.1554 0.1758 0.2572 0.3793 0.5422 0.6032 0.6846 0.9289 0.9696 0.8678 0.9086 1.0103 0.9696 1.2750 1.5803 
1.2343 0.8678 0.5218 0.3590 0.4404 1.2139 2.6388 2.9034 0.9900 0.1961 0.3793 0.5422 0.5014 0.2979 0.2979 0.2979 0.2979 0.2979 0.3793 0.4607 0.5422 0.7457 0.9289 1.0103 0.9289 0.7457 0.7254 0.6846 1.0918 1.4989 1.5803 1.3157 
1.1732 0.9086 0.6846 0.5829 0.4404 0.6846 2.6184 2.6388 0.7254 0.4404 0.5014 0.3997 0.5829 0.3793 0.2368 0.2979 0.3590 0.4404 0.5218 0.5625 0.7254 0.6846 0.7050 0.8882 0.8678 0.7050 0.5829 0.9900 1.5803 1.4582 0.7661 0.7050 
1.1528 0.8678 0.7864 0.7457 0.6846 0.4200 1.1121 2.1706 0.2979 0.3386 0.4811 0.5218 0.7050 0.6236 0.5422 0.3182 0.2775 0.3182 0.5218 0.6236 0.6439 0.7050 0.6846 0.6439 0.6236 0.6846 0.9493 1.4989 1.2139 0.7254 -0.0278 0.6439 
1.4785 0.8882 0.6643 0.8475 0.7050 0.5625 0.1758 0.5829 0.1961 0.0129 0.0129 0.2572 0.4811 0.6236 0.6643 0.4811 0.5422 0.6643 0.7050 0.6846 0.6643 0.6439 0.5422 0.4200 0.5829 1.0103 1.5192 1.5599 1.2953 0.8475 0.0740 0.4607 
1.2953 0.8882 0.5625 0.7864 0.7050 0.6032 0.4200 0.1554 0.2165 -0.0075 -0.0482 0.0943 0.0333 0.0740 0.2165 0.3182 0.4811 0.6236 0.8068 1.0510 0.9696 0.6032 0.4607 0.4607 0.8068 1.3360 1.8856 1.7431 1.2139 0.5218 0.4404 0.0536 
1.1325 0.9086 0.5625 0.6032 0.6032 0.5625 0.3793 0.2165 0.1961 0.0129 -0.0685 0.0740 -0.0075 0.0740 -0.1296 -0.3128 -0.0889 0.2775 0.6643 0.9696 0.8271 0.5422 0.5218 0.3793 0.8271 1.2750 1.5803 1.4378 0.8271 0.3997 0.5014 0.1147 
