Размер изображения: 32x32x3
Предсказанный класс: кошка

Пиксели изображения:

Канал 0:
-3.6647 -3.7621 -3.7134 -2.6416 -0.2301 0.3545 0.2327 0.1109 -0.0840 -0.0353 0.3057 0.3057 0.2570 0.2327 0.2083 0.2327 0.1596 -0.2301 -1.1314 -1.9839 -1.6186 -1.5455 -0.4981 0.5006 0.5250 0.6711 0.5737 0.5980 0.6711 0.6468 0.6224 0.5737 
-3.6647 -3.7621 -3.7134 -3.1044 -0.4981 0.6955 0.4275 0.1109 -0.2301 -0.3763 -0.1083 0.2327 0.3057 0.2570 0.1596 0.1109 0.1596 -0.0109 -0.8634 -2.1301 -2.4224 -1.6429 0.1596 0.7929 0.8173 0.9634 0.8416 0.7929 0.8173 0.7686 0.7442 0.6955 
-3.6647 -3.7377 -3.6647 -3.4698 -1.1314 0.6468 0.2814 -0.1327 -0.3519 -0.3763 -0.4737 -0.2789 0.1109 0.1109 0.1352 0.1109 0.1840 0.4032 0.2083 -1.1801 -2.4955 -1.4480 0.5737 0.8660 0.9634 1.0365 0.9634 0.9147 0.9391 0.9147 0.8416 0.7929 
-3.6647 -3.7134 -3.6403 -3.6647 -1.8134 0.3788 0.0378 -0.3276 -0.1327 -0.1327 -0.1814 -0.5955 -0.0840 0.3057 0.4275 0.5250 0.5250 0.6468 0.3545 -0.7904 -1.8134 -0.6686 0.8903 0.9878 0.9634 0.9391 0.9391 0.9634 1.0609 1.0609 1.0121 0.9878 
-3.6159 -3.6647 -3.6647 -3.7134 -2.4711 -0.0840 -0.2058 -0.5468 0.0378 0.2327 0.2814 -0.4494 -0.6686 -0.4006 -0.1083 0.3545 0.5737 0.5493 0.1109 -0.7904 -1.2775 -0.0353 0.9147 1.1096 1.1583 1.0609 1.0609 1.0609 0.9878 0.9391 0.8660 0.7929 
-3.5916 -3.5672 -3.5916 -3.6647 -3.0313 -0.7417 -0.2301 -0.4737 -0.1083 0.5006 0.6468 -0.1814 -1.0583 -1.1801 -1.1070 -0.5468 -0.2058 -0.2058 -0.6199 -0.7417 -0.6442 0.2083 0.3545 0.6711 0.9391 1.0609 0.9634 1.1096 1.1339 1.0121 1.0121 0.9147 
-3.4941 -3.5916 -3.5672 -3.6159 -3.3236 -1.1801 0.1596 -0.0596 -0.1083 0.5737 0.6955 0.1352 -0.8391 -1.4724 -1.2532 -1.0583 -1.3263 -0.9852 -1.2532 -0.8147 0.2814 0.7198 0.4275 0.6711 1.0121 1.0852 1.0121 1.1096 1.1339 1.0852 1.1339 1.2314 
-1.9352 -3.0557 -3.4698 -3.3480 -1.7891 0.0378 0.4763 -0.1327 -0.2545 0.4519 0.5980 0.5250 0.0134 -0.6929 -0.7660 -1.0096 -1.6429 -1.2775 -1.2532 -0.8391 0.4519 0.8660 0.3788 0.9634 1.6698 1.5480 1.5967 1.4262 0.8416 0.9634 1.1826 1.3532 
0.1596 -0.3763 -1.4480 -1.2532 0.0865 0.4032 0.4032 -0.3276 -0.9852 -0.0109 0.5737 0.6468 0.5006 0.2814 -0.1571 -0.6686 -1.0827 -1.0827 -0.9852 -0.7904 0.0865 0.6711 0.3788 1.1339 1.6455 1.4993 1.4262 0.9634 0.3788 0.6224 1.2557 1.4749 
0.5737 0.4519 0.1109 0.3057 0.4763 0.5250 0.5737 -0.4006 -1.1070 -0.2545 0.2814 0.4275 0.4763 0.5250 0.1109 -0.5468 -1.4480 -1.0827 -1.0340 -0.9609 -0.0840 0.5006 0.8416 1.4749 1.5237 1.6211 1.4993 0.6711 0.2814 0.3301 0.8416 1.4993 
0.6955 0.5493 0.3301 0.4519 0.6468 0.7686 0.5737 -0.5468 -0.5955 0.0378 0.2570 0.3788 0.4763 0.3301 -0.1327 -0.9122 -1.3750 -1.1070 -1.1070 -1.0827 -0.1571 0.1840 0.7686 1.6211 1.6942 1.6942 1.5724 0.7929 0.3057 0.3301 0.4763 1.1583 
0.7686 0.7686 0.5737 0.4519 0.7198 0.8416 0.5006 -0.3276 -0.1327 0.4275 0.4763 0.4275 0.4763 -0.0353 -0.6686 -1.3263 -1.2045 -0.7660 -0.9852 -0.9365 -0.1571 0.0622 0.4275 1.4749 1.6942 1.6455 1.5237 1.0121 0.3057 0.2570 0.2814 0.5493 
0.7929 0.7442 0.6468 0.4763 0.5737 0.6224 0.4275 0.1596 -0.0353 0.1352 0.2327 -0.0109 0.0134 0.0134 -0.5224 -1.0340 -0.7904 -0.1814 -0.7660 -0.4737 -0.1083 -0.0353 0.4275 1.3775 1.6211 1.6455 1.5967 1.3288 0.6468 0.3057 0.2570 0.4519 
0.8903 0.6955 0.5980 0.4275 0.6711 0.1596 0.0865 0.6955 -0.0596 -0.4737 -0.7660 -0.7660 -0.1327 -0.1327 -0.6442 -0.4250 0.0378 -0.1083 -0.5712 -0.2301 -0.3763 -0.3276 0.5737 1.3775 1.6455 1.6455 1.7185 1.6698 1.2801 0.4275 0.5250 1.0121 
0.9147 0.6711 0.6224 0.4519 0.8173 -0.0840 -0.3032 1.0121 0.3788 0.3057 -0.0109 -0.0353 0.4032 0.0865 -0.8878 -1.1314 0.1596 0.0134 -0.5712 -0.3276 0.0378 0.0622 0.4763 1.5237 1.7429 1.6698 1.6942 1.8890 1.5967 0.6711 0.9391 1.2557 
0.9147 0.5493 0.5737 0.4763 0.8660 0.1840 -0.4737 1.0609 0.7929 0.5737 0.5250 0.2814 -0.0840 -0.0109 -0.1814 -0.5224 -0.2545 0.2570 -0.1814 -0.5224 0.4519 0.1840 0.0378 0.7442 1.5724 1.6942 1.7185 1.7916 1.2070 0.9634 1.2801 1.2801 
0.9878 0.5006 0.1596 0.1840 0.5737 0.5493 -0.4494 0.5980 0.9878 0.4519 0.0134 0.2327 -0.0109 -0.3032 0.0134 0.1109 -1.1070 -0.2301 0.3788 -0.6442 -0.1571 0.1596 -0.4250 -1.3506 -0.4006 1.0121 1.5967 1.4993 0.7929 0.9878 1.4749 1.3288 
1.0121 0.5980 -0.1814 -0.2545 0.1596 0.6955 0.4032 0.2814 0.8173 0.8903 0.7686 0.9878 0.4763 0.0134 0.0622 -0.0109 -1.0827 -0.8878 0.4275 -0.4981 -0.2545 0.6468 -0.0596 -0.9365 -1.3993 -0.7173 0.2570 0.4763 0.3301 0.8903 1.5967 1.4993 
1.0365 0.7686 0.0134 -0.2301 0.2814 0.7198 0.8903 0.5006 0.4275 0.9147 1.0852 1.2801 1.2557 0.7198 0.4032 0.1352 -0.5468 -1.2775 -0.1327 -0.3763 -0.1571 0.5006 -0.0840 -0.0353 -0.4737 -1.0340 -0.4981 -0.1083 -0.2789 0.2570 1.1826 1.5237 
1.0365 0.8416 0.4519 0.1596 0.5737 0.6955 0.8660 0.8903 0.3057 0.3788 0.5737 0.7442 0.8660 0.9634 0.8173 0.1840 0.1109 -0.5955 -0.6686 0.0378 0.2327 0.0134 -0.4250 -0.0596 -0.2545 -0.6199 -0.1083 0.1596 -0.1814 -0.3276 -0.0353 0.7442 
1.0852 0.9634 0.6955 0.2083 0.4275 0.7198 0.6711 0.6955 0.6955 0.5250 0.4763 0.4519 0.1109 0.5980 0.8173 0.6224 0.9147 0.7198 -0.1814 0.3301 0.0865 -0.4494 -0.6442 -0.1814 -0.1571 -0.0596 0.2083 0.0378 -0.4250 -0.4250 -0.3519 -0.1571 
1.0609 1.0121 0.8660 0.3057 0.1352 0.6468 0.8416 0.6468 0.8660 1.0121 0.8903 0.3057 -0.3032 0.2083 0.5493 0.5006 0.7198 0.8173 0.4032 0.2814 -0.4494 -0.7660 -0.4494 -0.1814 -0.0353 0.1352 -0.0109 -0.3519 -0.5712 -0.3763 -0.3763 -0.7417 
0.9878 0.9634 0.9878 0.4519 -0.1083 0.5737 1.0852 1.0609 1.0121 1.0609 0.9391 0.5250 -0.0840 0.1352 0.5250 0.4275 0.4032 0.4519 0.4519 -0.0840 -1.0096 -0.7660 -0.1571 -0.0840 -0.0840 0.1352 -0.0109 -0.4006 -0.4006 -0.6442 -0.9609 -1.1801 
0.9634 0.8660 0.9147 0.6955 -0.1327 0.4763 1.0365 1.1826 1.2070 1.1826 0.9147 0.7686 0.5006 0.5006 0.6711 0.5980 0.5980 0.5493 0.3545 -0.4981 -0.9609 -0.4494 -0.0596 -0.1571 -0.1814 0.3788 0.1109 -0.2058 -0.2545 -0.7660 -0.9852 -0.8878 
0.9147 0.7929 0.7929 0.6955 0.0378 0.4275 0.9147 0.9634 0.9878 1.0365 0.5980 -0.0596 0.5006 0.7929 0.6711 0.6711 0.6468 0.5737 0.0865 -0.5712 -0.7173 -0.3763 -0.1571 -0.4006 -0.3519 0.1840 0.0622 -0.1327 -0.5224 -0.5712 -0.5955 -0.7173 
0.8903 0.7442 0.6711 0.4763 0.1840 0.3545 0.8416 0.8903 0.7686 0.7929 -0.3276 -1.2532 0.0865 0.8416 0.5980 0.5006 0.4763 0.2570 -0.1814 -0.5712 -0.8391 -0.4250 -0.3276 -0.4981 -0.4494 -0.3276 -0.3519 -0.4494 -0.5224 -0.5224 -0.8147 -1.0340 
0.8903 0.6955 0.5980 0.3301 0.0134 0.1109 0.7686 0.9878 0.8660 0.7198 -0.2301 -1.0340 0.1596 0.6955 0.3301 0.2083 0.2083 -0.1083 -0.4006 -0.8391 -0.9609 -0.4981 -0.4737 -0.7173 -0.5468 -0.7904 -1.0340 -0.7904 -0.4006 -0.4494 -0.5712 -0.6442 
0.8903 0.6468 0.5006 0.1840 -0.1327 -0.1327 0.5493 1.0121 0.9391 0.6224 0.3788 0.2570 0.7198 0.2814 -0.0109 -0.0353 -0.2545 -0.4494 -0.6442 -1.3506 -1.0340 -0.6199 -0.6929 -0.7904 -0.7173 -1.0096 -1.1314 -0.9852 -0.5955 -0.2545 -0.2789 -0.4250 
0.8416 0.5006 0.3788 0.1596 -0.2789 -0.3763 0.3788 0.9147 0.9147 0.5737 0.5006 0.6224 0.4275 -0.0353 -0.2545 -0.2301 -0.3763 -0.6442 -1.0583 -1.5698 -0.8878 -0.7173 -0.7173 -0.6929 -0.7173 -1.0096 -1.2045 -0.9609 -0.5468 -0.2789 -0.3519 -0.6442 
0.5006 0.0865 0.0622 0.1840 -0.3519 -0.7417 0.1352 0.7686 0.8416 0.6224 0.5006 0.4032 0.1840 -0.2058 -0.4250 -0.3032 -0.5955 -0.9122 -1.4968 -1.4480 -0.8878 -0.9852 -0.8634 -0.6686 -0.6686 -1.0340 -1.0340 -0.7173 -0.5712 -0.5955 -0.6199 -0.7904 
-0.0353 -0.4006 -0.2058 0.1109 -0.1571 -0.9852 -0.4250 0.6224 0.7929 0.6224 0.6224 0.5006 -0.3276 -0.9852 -1.0096 -0.8391 -0.8147 -1.1557 -1.6186 -1.1557 -1.0583 -1.0827 -0.8634 -0.5955 -0.7904 -0.8147 -0.6929 -0.7660 -0.9122 -0.8147 -0.5955 -0.5224 
-0.5468 -0.9609 -0.7173 -0.4494 -0.3763 -1.1801 -1.0583 0.2327 0.5737 0.4275 0.2327 -0.2058 -1.1070 -1.7160 -1.9352 -1.6673 -1.3263 -1.4968 -1.3750 -1.2045 -1.2775 -1.1801 -0.8391 -0.7417 -0.8391 -0.8147 -1.0827 -1.1801 -1.0096 -0.5955 -0.4494 -0.5712 

Канал 1:
-3.2152 -3.1701 -3.2830 -2.5832 -0.6872 -0.3261 -0.3261 -0.4389 -0.5969 -0.5518 -0.3938 -0.4389 -0.4615 -0.4841 -0.4841 -0.4163 -0.4841 -0.8001 -1.4772 -1.9964 -1.4998 -1.5449 -0.7098 0.0577 -0.1455 -0.1229 -0.1455 -0.1003 -0.0778 -0.1455 -0.2132 -0.2358 
-3.1927 -3.1927 -3.2604 -2.9444 -0.8903 -0.0100 -0.1455 -0.3486 -0.5292 -0.5743 -0.5066 -0.2809 -0.2132 -0.2583 -0.3486 -0.2358 -0.0552 -0.2583 -1.0032 -1.9964 -2.1769 -1.6578 -0.1229 0.3060 0.1480 0.1705 0.2157 0.2608 0.2382 0.1480 0.0577 0.0351 
-3.1927 -3.1927 -3.1927 -3.1701 -1.3418 0.0125 -0.2358 -0.4841 -0.4615 -0.2809 -0.5743 -0.5066 -0.1680 -0.1906 -0.2132 -0.0552 0.1028 0.2157 -0.0100 -1.1838 -2.3349 -1.4546 0.3511 0.4865 0.3962 0.3737 0.3511 0.3737 0.3511 0.2608 0.1705 0.1028 
-3.1927 -3.1927 -3.1701 -3.2604 -1.8609 -0.1906 -0.4841 -0.7098 -0.2358 0.0577 -0.1003 -0.5969 -0.1906 0.1028 0.1705 0.3285 0.3285 0.3060 -0.0100 -0.9806 -1.7932 -0.6421 0.7800 0.7574 0.6220 0.4865 0.4188 0.3962 0.3962 0.3511 0.2608 0.2157 
-3.1701 -3.1927 -3.1701 -3.2152 -2.3801 -0.5518 -0.7098 -0.9581 -0.1229 0.3737 0.3962 -0.3486 -0.6646 -0.5066 -0.3035 0.1254 0.3060 0.1705 -0.2132 -0.9355 -1.1838 0.1254 1.0057 1.0960 1.0734 0.8928 0.7574 0.6671 0.5543 0.4640 0.3511 0.2382 
-3.1475 -3.1475 -3.1250 -3.1475 -2.7864 -1.0483 -0.7098 -0.9355 -0.3486 0.5317 0.7574 -0.0778 -0.9806 -1.2064 -1.2289 -0.6646 -0.3486 -0.4163 -0.7323 -0.6646 -0.4163 0.4865 0.6445 0.8477 1.0283 1.0734 0.9605 1.0734 1.0734 0.9154 0.8477 0.7348 
-3.1024 -3.2152 -3.1701 -3.1927 -2.9670 -1.0935 -0.0100 -0.3035 -0.2358 0.5543 0.7348 0.1931 -0.7549 -1.4321 -1.2741 -1.0935 -1.2966 -1.0258 -1.2289 -0.7549 0.3737 0.9154 0.6897 0.8025 1.0057 1.0283 1.0734 1.2088 1.2314 1.1863 1.2088 1.2765 
-1.6578 -2.7187 -3.1024 -2.9895 -1.4772 0.2834 0.5543 -0.1229 -0.2809 0.4414 0.6220 0.5543 0.0577 -0.6646 -0.7323 -0.9806 -1.5675 -1.2289 -1.2064 -0.8452 0.4188 0.9605 0.5768 1.0057 1.5474 1.4120 1.5700 1.5023 0.9831 1.1185 1.3217 1.4571 
0.3511 -0.1906 -1.1838 -1.0032 0.3060 0.6220 0.4865 -0.3261 -0.9355 -0.0100 0.5994 0.6897 0.5091 0.2608 -0.1680 -0.6872 -1.0483 -1.0483 -0.9581 -0.7775 0.1028 0.8025 0.5994 1.2314 1.6151 1.4571 1.4797 1.1185 0.5994 0.8251 1.4120 1.5926 
0.7348 0.5994 0.3060 0.4640 0.6671 0.7348 0.6445 -0.3938 -1.0483 -0.2132 0.3511 0.4640 0.4865 0.4640 0.0577 -0.5292 -1.3418 -0.9806 -0.9581 -0.8678 -0.0326 0.6220 1.0508 1.6151 1.5926 1.6603 1.6377 0.9380 0.5768 0.6220 1.0734 1.6603 
0.8477 0.6897 0.4865 0.5768 0.8251 0.9831 0.6671 -0.5292 -0.5743 0.0802 0.3285 0.4414 0.5091 0.3060 -0.1680 -0.8452 -1.2289 -0.9806 -0.9581 -0.9355 -0.0778 0.3285 0.9831 1.7731 1.8408 1.8634 1.8183 1.1411 0.6897 0.6897 0.8251 1.4120 
0.8928 0.8928 0.7123 0.5768 0.8928 1.0734 0.5994 -0.3486 -0.1455 0.4640 0.5317 0.4865 0.4865 -0.0552 -0.6646 -1.2289 -1.0483 -0.6421 -0.8452 -0.8001 -0.0778 0.1931 0.6220 1.6603 1.9086 1.9086 1.8183 1.3668 0.7348 0.6897 0.6897 0.9154 
0.9380 0.8928 0.8025 0.6220 0.7800 0.8251 0.4865 0.0802 -0.0552 0.1931 0.3285 0.0802 0.0577 0.0125 -0.5292 -0.9355 -0.6421 -0.0552 -0.5969 -0.3486 -0.0100 0.0802 0.6220 1.5700 1.8634 1.9537 1.9311 1.6377 1.0508 0.7574 0.7123 0.8477 
1.0508 0.9154 0.7800 0.5317 0.7123 0.1254 -0.1229 0.5317 -0.0100 -0.3712 -0.5969 -0.5969 -0.0100 -0.0778 -0.5518 -0.4163 0.0577 0.0577 -0.2809 0.0125 -0.1906 -0.1003 0.7574 1.5023 1.8183 1.9311 1.9763 1.8860 1.5926 0.8477 0.9605 1.3668 
1.0960 0.9605 0.8025 0.4640 0.6671 -0.4389 -0.8226 0.7123 0.4414 0.3511 0.1028 0.1254 0.5091 0.1931 -0.7098 -1.0709 0.0802 0.1931 -0.2132 -0.0778 0.2157 0.2834 0.6220 1.5700 1.8183 1.8634 1.8860 2.0214 1.8183 1.0283 1.3443 1.6151 
1.1411 0.8703 0.8025 0.5317 0.6220 -0.3712 -1.1161 0.6897 0.8477 0.6445 0.6220 0.4188 0.0577 0.1254 -0.0326 -0.5518 -0.3486 0.3285 0.0125 -0.3712 0.5091 0.3511 0.1480 0.7574 1.5926 1.7957 1.8860 1.9763 1.5023 1.3443 1.6828 1.6603 
1.2314 0.8477 0.4640 0.2834 0.3285 -0.1455 -1.1612 0.2608 1.0508 0.5543 0.1480 0.3737 0.1480 -0.1455 0.1254 0.0577 -1.1612 -0.2583 0.3511 -0.6195 -0.1680 0.2157 -0.3938 -1.2966 -0.3712 1.0734 1.7280 1.7054 1.0960 1.3443 1.8408 1.7054 
1.2991 1.0057 0.1705 -0.0778 0.0351 0.1254 -0.2809 0.0125 0.9154 0.9831 0.8703 1.0734 0.5994 0.1480 0.1931 -0.0100 -1.1161 -0.9355 0.2608 -0.5969 -0.3261 0.5543 -0.1455 -1.0483 -1.4321 -0.6646 0.3737 0.5994 0.5317 1.1411 1.8408 1.7506 
1.3443 1.1863 0.3962 -0.0100 0.3060 0.4414 0.3962 0.3511 0.6220 1.0283 1.1411 1.3443 1.3217 0.8025 0.5091 0.2157 -0.5066 -1.3192 -0.2809 -0.4841 -0.2358 0.3511 -0.3035 -0.3261 -0.6872 -1.1161 -0.5292 -0.1229 -0.2358 0.3511 1.2540 1.6377 
1.3894 1.2765 0.8251 0.3737 0.7348 0.7348 0.6445 0.8703 0.5543 0.5091 0.6671 0.8477 0.9380 1.0508 0.8703 0.3511 0.2157 -0.5969 -0.7775 -0.0778 0.1480 -0.1455 -0.6872 -0.4163 -0.5518 -0.8001 -0.3035 -0.0552 -0.3261 -0.3938 -0.0778 0.8025 
1.4346 1.3443 1.0508 0.4865 0.6671 0.8477 0.6445 0.7348 0.8251 0.5994 0.6445 0.5543 0.2157 0.7123 0.8251 0.6671 1.0283 0.6671 -0.3035 0.1705 -0.0326 -0.5969 -0.8678 -0.4615 -0.4389 -0.2809 -0.0552 -0.2132 -0.5969 -0.5743 -0.4841 -0.1680 
1.3668 1.3443 1.1863 0.6445 0.3962 0.7574 0.8703 0.6445 0.8251 0.9831 1.0734 0.3737 -0.2358 0.3962 0.4640 0.4414 0.8025 0.7800 0.2834 0.0802 -0.6195 -0.8452 -0.5518 -0.3261 -0.1906 -0.0100 -0.1906 -0.5066 -0.6872 -0.5066 -0.5066 -0.8226 
1.2991 1.2765 1.2991 0.8251 0.1931 0.6671 1.0960 1.0283 0.9380 1.0057 1.0283 0.4188 -0.1229 0.2834 0.4188 0.3285 0.4640 0.4414 0.3285 -0.2583 -1.1386 -0.8226 -0.2583 -0.2132 -0.2132 -0.0100 -0.1680 -0.5292 -0.5292 -0.7549 -1.0483 -1.2515 
1.2765 1.1863 1.2540 1.0283 0.1931 0.5994 1.0960 1.1637 1.1411 1.1185 0.8477 0.4640 0.2834 0.5543 0.5543 0.4414 0.5543 0.4640 0.2157 -0.6421 -1.0709 -0.5518 -0.1680 -0.2809 -0.3035 0.2157 -0.0552 -0.3486 -0.3938 -0.8678 -1.0483 -0.9806 
1.2314 1.1411 1.1411 1.0734 0.3962 0.6220 1.0283 0.9831 0.9831 0.9831 0.3511 -0.5292 0.1254 0.7574 0.5768 0.4640 0.5317 0.4414 -0.0778 -0.7098 -0.8226 -0.4615 -0.2583 -0.4841 -0.4615 0.0351 -0.1003 -0.2809 -0.6421 -0.6872 -0.7098 -0.8452 
1.2088 1.0960 1.0508 0.8703 0.5768 0.6445 1.0057 0.9605 0.8251 0.7800 -0.6872 -1.8384 -0.3712 0.7348 0.5091 0.2834 0.2834 0.0802 -0.3261 -0.6872 -0.9355 -0.5066 -0.4163 -0.5743 -0.5518 -0.4389 -0.4841 -0.5743 -0.6421 -0.6421 -0.9129 -1.1161 
1.2088 1.0508 0.9831 0.7348 0.4414 0.4865 0.9831 1.0734 0.9605 0.7348 -0.7323 -1.8158 -0.4389 0.5543 0.2157 -0.0100 -0.0100 -0.2809 -0.5518 -0.9355 -1.0483 -0.5969 -0.5518 -0.8001 -0.6421 -0.8678 -1.1161 -0.8903 -0.5292 -0.5743 -0.6872 -0.7549 
1.1863 0.9831 0.8703 0.5994 0.3285 0.3060 0.8251 1.1411 1.0508 0.6897 -0.0326 -0.4389 0.1931 0.1480 -0.1455 -0.2809 -0.4615 -0.6421 -0.7775 -1.3869 -1.0935 -0.6872 -0.7549 -0.8678 -0.8001 -1.0709 -1.2064 -1.0709 -0.7098 -0.3938 -0.3938 -0.5518 
1.0960 0.7800 0.6897 0.4865 0.1705 0.1028 0.6897 1.0960 1.0734 0.6897 0.4640 0.4188 0.2157 -0.1906 -0.4615 -0.4841 -0.6195 -0.8226 -1.1386 -1.5675 -0.9355 -0.8001 -0.8001 -0.7775 -0.8001 -1.0709 -1.2741 -1.0258 -0.6421 -0.3938 -0.4615 -0.7323 
0.7800 0.3962 0.3962 0.5317 0.1028 -0.2358 0.4414 0.9605 0.9831 0.7348 0.5543 0.3962 0.1028 -0.3486 -0.6421 -0.5743 -0.8001 -1.0709 -1.5449 -1.4546 -0.9355 -1.0483 -0.9355 -0.7549 -0.7549 -1.0935 -1.0935 -0.8001 -0.6646 -0.6872 -0.7098 -0.8678 
0.3511 -0.0100 0.1931 0.5091 0.2834 -0.4841 -0.1229 0.7574 0.8928 0.7123 0.6671 0.4640 -0.3712 -1.0935 -1.2064 -1.0483 -0.9806 -1.2515 -1.6352 -1.1612 -1.0709 -1.1161 -0.9355 -0.6872 -0.8678 -0.8903 -0.7775 -0.8452 -1.0032 -0.8903 -0.7098 -0.6195 
-0.1003 -0.4841 -0.2358 -0.0100 0.1028 -0.7098 -0.7549 0.3511 0.6671 0.4865 0.3060 -0.1680 -1.1161 -1.7706 -2.0415 -1.7706 -1.4095 -1.5224 -1.3644 -1.1612 -1.2064 -1.2064 -0.9129 -0.8001 -0.9129 -0.8903 -1.1386 -1.2289 -1.0483 -0.6646 -0.5518 -0.6646 

Канал 2:
-3.0156 -2.8914 -3.1150 -2.5933 -0.7796 -0.7299 -0.8790 -0.7051 -0.7796 -1.0281 -0.9535 -0.9784 -0.9784 -0.9784 -0.9784 -0.9287 -0.9535 -1.1275 -1.6989 -2.1461 -1.5001 -1.4504 -0.7548 -0.1834 -0.5063 -0.4815 -0.5063 -0.4815 -0.4318 -0.4815 -0.5560 -0.6057 
-2.9908 -2.9162 -3.0901 -2.9411 -0.9535 -0.3573 -0.6554 -0.5063 -0.4815 -0.7548 -0.8790 -0.6803 -0.6057 -0.6554 -0.7548 -0.5809 -0.2827 -0.3324 -0.9535 -1.8976 -2.0467 -1.5746 -0.1088 0.1396 -0.1585 -0.1088 -0.1834 -0.2082 -0.2082 -0.2827 -0.3821 -0.4070 
-2.9908 -2.9411 -3.0156 -3.1398 -1.4007 -0.3324 -0.7051 -0.5312 -0.1337 -0.0840 -0.7051 -0.7051 -0.3821 -0.4318 -0.4815 -0.3076 -0.0591 0.2390 0.1893 -0.9784 -2.2206 -1.3759 0.3632 0.3384 0.1644 0.1644 0.0402 -0.0591 -0.0591 -0.1337 -0.2082 -0.3076 
-2.9908 -2.9659 -2.9659 -3.1398 -1.8728 -0.5063 -0.9535 -0.7299 0.2887 0.5371 0.0402 -0.6057 -0.1834 0.0899 0.1148 0.1644 0.1396 0.2887 0.0899 -0.8790 -1.7486 -0.5560 0.8104 0.6116 0.4129 0.3135 0.1893 0.1148 0.1396 0.0899 0.0154 -0.0591 
-2.9659 -2.9908 -2.9659 -3.0156 -2.3200 -0.8790 -1.2020 -1.0032 0.4129 0.9843 0.8352 -0.0840 -0.5063 -0.4070 -0.2579 0.0651 0.1644 0.1396 -0.1834 -0.9039 -1.2020 0.1893 0.9595 0.9098 0.8601 0.7359 0.5868 0.4874 0.3880 0.2887 0.1893 0.0651 
-2.9411 -2.9411 -2.9162 -2.8914 -2.7175 -1.3759 -1.2268 -1.0529 0.1396 1.2079 1.3570 0.3632 -0.7051 -1.0529 -1.1523 -0.6554 -0.3573 -0.3324 -0.6306 -0.5560 -0.3076 0.5620 0.5371 0.6365 0.8352 0.9595 0.8601 0.9595 0.9595 0.8104 0.7607 0.6116 
-2.9411 -3.0405 -2.9659 -2.9411 -2.8665 -1.3014 -0.4070 -0.5312 0.0651 1.2576 1.3570 0.6613 -0.4567 -1.2517 -1.1275 -0.9535 -1.2020 -0.8790 -1.0778 -0.5560 0.6862 1.1831 0.6365 0.7856 1.2576 1.2824 1.3073 1.4315 1.3073 1.1582 1.1582 1.2328 
-1.6740 -2.7672 -3.1647 -2.9659 -1.4007 0.2390 0.2638 -0.4567 -0.1088 1.1334 1.2079 1.0092 0.4626 -0.3821 -0.5312 -0.7796 -1.4007 -1.0281 -1.0032 -0.5809 0.8104 1.3321 0.5123 1.1085 2.0775 1.8539 1.9781 1.8290 1.0340 1.0588 1.2824 1.5060 
0.1148 -0.4070 -1.4504 -1.2020 0.2638 0.5620 0.2141 -0.6306 -0.8293 0.5868 1.1582 1.1582 0.9595 0.6365 0.0899 -0.4318 -0.8045 -0.8045 -0.7051 -0.5063 0.4626 1.0588 0.4377 1.2079 1.9532 1.7048 1.5557 1.0588 0.3135 0.5371 1.2824 1.6303 
0.4129 0.3384 0.0402 0.2638 0.5620 0.6116 0.3632 -0.6803 -1.0032 0.2638 0.8601 0.9098 0.9346 0.8849 0.3632 -0.2331 -1.1026 -0.7051 -0.6803 -0.5809 0.3384 0.8352 0.8352 1.4812 1.7793 1.7296 1.4564 0.5620 0.0651 0.1396 0.7856 1.5557 
0.6365 0.5123 0.3384 0.5123 0.7607 0.7856 0.3880 -0.8045 -0.5312 0.4874 0.8104 0.8849 0.9346 0.6862 0.1148 -0.5809 -0.9535 -0.7051 -0.6803 -0.6554 0.2887 0.5371 0.7607 1.6054 1.9284 1.7793 1.5060 0.6116 0.0154 0.0651 0.3632 1.0340 
0.6862 0.7359 0.6116 0.5371 0.7856 0.7856 0.3135 -0.5560 -0.0840 0.8104 1.0092 0.9346 0.9346 0.3135 -0.4318 -1.0032 -0.7299 -0.3076 -0.5312 -0.4815 0.3632 0.4874 0.4626 1.5309 1.9781 1.8042 1.5060 0.9098 0.0402 -0.0591 0.0651 0.2887 
0.5620 0.5620 0.5123 0.3880 0.5123 0.4874 0.2141 -0.0343 0.0154 0.4626 0.7359 0.4874 0.4626 0.3632 -0.2827 -0.6554 -0.2579 0.3632 -0.2331 0.0402 0.4626 0.4626 0.5868 1.5060 1.9532 1.8787 1.7296 1.3570 0.4626 -0.0095 -0.0095 0.1893 
0.6116 0.4377 0.3880 0.2638 0.4626 -0.2082 -0.3324 0.4874 0.0402 -0.2082 -0.3076 -0.2827 0.3632 0.3384 -0.2331 0.0402 0.5620 0.4377 -0.0095 0.3384 0.1893 0.1893 0.7856 1.4564 1.7545 1.7793 1.9035 1.8290 1.3073 0.3632 0.4377 0.9346 
0.7359 0.4874 0.4377 0.3135 0.5868 -0.6057 -0.8790 0.8352 0.5371 0.5620 0.4129 0.4626 0.9346 0.6613 -0.3076 -0.6057 0.6116 0.4626 -0.1088 0.1148 0.5371 0.4874 0.6365 1.4812 1.6551 1.7048 1.8290 2.0775 1.7296 0.7856 1.0588 1.3570 
0.7607 0.3880 0.4129 0.3632 0.6365 -0.3076 -1.0032 0.9595 1.0837 0.9346 0.9843 0.7856 0.4377 0.5868 0.4626 -0.0840 0.0154 0.5123 0.0402 -0.2827 0.7607 0.5123 0.1396 0.6116 1.4315 1.6799 1.8042 1.9035 1.2824 1.0340 1.3570 1.3570 
0.8601 0.3632 0.0402 0.0899 0.4129 0.1644 -0.8790 0.5868 1.3570 0.9098 0.4874 0.7359 0.5123 0.2887 0.6365 0.5371 -0.9784 -0.2082 0.3632 -0.6306 -0.0343 0.3384 -0.4567 -1.5995 -0.6554 0.9595 1.6054 1.5060 0.7607 0.9595 1.4067 1.3073 
0.9098 0.4874 -0.2827 -0.3324 0.1148 0.5123 0.1644 0.3632 1.2328 1.3570 1.2824 1.5060 1.0092 0.5868 0.6862 0.4377 -1.0032 -0.9784 0.2638 -0.6306 -0.2579 0.7110 -0.2082 -1.3014 -1.7237 -0.8293 0.1893 0.3384 0.1893 0.7856 1.4564 1.3818 
0.9595 0.6862 -0.0591 -0.2827 0.3632 0.7856 0.8104 0.6365 0.8104 1.3073 1.5557 1.8042 1.8042 1.3321 1.0588 0.6365 -0.3324 -1.3511 -0.2827 -0.4567 -0.1337 0.4377 -0.3573 -0.4567 -0.8293 -1.2020 -0.6554 -0.3076 -0.5063 0.0402 0.9843 1.3570 
1.0092 0.7856 0.4129 0.1148 0.7607 0.9595 0.9346 1.0837 0.6365 0.6365 1.0092 1.2328 1.4067 1.5806 1.4315 0.7607 0.4874 -0.5312 -0.7796 0.0154 0.3135 -0.1088 -0.7796 -0.5312 -0.6306 -0.8045 -0.2579 -0.0591 -0.4318 -0.5809 -0.3076 0.5371 
1.1085 0.9595 0.7110 0.2638 0.6613 1.0340 0.8104 0.8352 0.8849 0.6862 0.8352 0.8104 0.4874 1.0837 1.2576 1.1085 1.4067 0.9346 -0.2082 0.3135 0.0651 -0.6057 -0.9535 -0.5063 -0.4070 -0.1585 0.0899 -0.1585 -0.6057 -0.6306 -0.5560 -0.3573 
1.1085 1.0837 0.9595 0.4129 0.3384 0.9595 1.0588 0.7856 0.9843 1.1582 1.1831 0.4874 -0.1337 0.5371 0.7110 0.8104 1.1831 1.0837 0.4377 0.1396 -0.6554 -0.9287 -0.5809 -0.2827 -0.0591 0.1396 -0.0840 -0.4815 -0.6803 -0.5063 -0.4815 -0.9039 
1.0340 1.0340 1.0588 0.5371 0.0899 0.8849 1.3570 1.3073 1.2079 1.2576 1.1831 0.5868 0.0154 0.3632 0.6116 0.6365 0.7607 0.6862 0.4626 -0.2579 -1.2765 -0.9039 -0.2579 -0.1337 -0.0840 0.1644 -0.0591 -0.5063 -0.5063 -0.7548 -1.0778 -1.3262 
1.0340 0.9098 0.9595 0.6862 -0.0343 0.7856 1.4067 1.5557 1.5309 1.4564 1.1085 0.7607 0.5123 0.6613 0.7359 0.6862 0.8352 0.6613 0.3384 -0.6803 -1.1771 -0.6057 -0.1585 -0.2082 -0.1585 0.4129 0.0402 -0.3076 -0.3573 -0.8790 -1.1026 -1.0032 
0.9843 0.8352 0.7607 0.6116 0.0402 0.6365 1.3321 1.4315 1.3818 1.3073 0.6613 -0.2082 0.4129 0.8849 0.6613 0.6365 0.7110 0.5868 -0.0095 -0.7299 -0.9039 -0.5063 -0.2579 -0.4567 -0.3573 0.2141 0.0154 -0.2331 -0.6306 -0.6803 -0.7051 -0.8293 
0.9843 0.7856 0.5868 0.3135 0.0651 0.4377 1.1831 1.3818 1.1582 1.0092 -0.3821 -1.5498 -0.0840 0.8601 0.5371 0.3632 0.3632 0.1396 -0.3076 -0.7051 -0.9784 -0.5560 -0.4318 -0.5560 -0.4318 -0.3076 -0.4070 -0.5560 -0.6306 -0.6306 -0.9287 -1.1523 
0.9843 0.6862 0.4626 0.0899 -0.2579 0.0402 1.0340 1.4315 1.1831 0.8352 -0.3573 -1.4007 -0.1088 0.6862 0.1893 -0.0095 0.0154 -0.3076 -0.5560 -0.9784 -1.1026 -0.6306 -0.5809 -0.8045 -0.5560 -0.7796 -1.1026 -0.9039 -0.5063 -0.5560 -0.6803 -0.7548 
0.9595 0.6116 0.3384 -0.0591 -0.4567 -0.3076 0.8352 1.4812 1.2576 0.7607 0.3135 -0.0095 0.4874 0.1893 -0.2331 -0.3324 -0.5063 -0.7051 -0.8293 -1.5001 -1.1771 -0.7299 -0.7796 -0.8790 -0.7548 -1.0529 -1.2268 -1.1026 -0.7051 -0.3573 -0.3573 -0.5312 
0.8104 0.4129 0.2141 -0.0591 -0.6306 -0.5560 0.8352 1.4812 1.3073 0.8849 0.6365 0.5868 0.3135 -0.2331 -0.5560 -0.5312 -0.6306 -0.8790 -1.2517 -1.7237 -1.0032 -0.8293 -0.8045 -0.7796 -0.8045 -1.1026 -1.3014 -1.0529 -0.6306 -0.3573 -0.4567 -0.7299 
0.4626 -0.0095 -0.0840 0.0154 -0.7051 -0.9287 0.6116 1.3818 1.2328 0.9595 0.6862 0.4626 0.1396 -0.3821 -0.7299 -0.5809 -0.8045 -1.1026 -1.6492 -1.5746 -1.0032 -1.0778 -0.9535 -0.7548 -0.7548 -1.1275 -1.1275 -0.8045 -0.6554 -0.6803 -0.7051 -0.8542 
-0.0591 -0.4567 -0.3324 -0.0343 -0.5063 -1.2268 0.0154 1.1831 1.1334 0.9595 0.8352 0.5868 -0.3573 -1.1523 -1.3014 -1.0778 -1.0032 -1.3014 -1.7237 -1.2268 -1.1275 -1.1771 -0.9535 -0.7051 -0.8790 -0.9039 -0.7796 -0.8542 -1.0281 -0.9039 -0.7051 -0.6306 
-0.5312 -1.0032 -0.8045 -0.6057 -0.7051 -1.4256 -0.6554 0.7359 0.9098 0.7359 0.4874 -0.0840 -1.1275 -1.8728 -2.1709 -1.8479 -1.4256 -1.5746 -1.4007 -1.2020 -1.2765 -1.2517 -0.9287 -0.8045 -0.9287 -0.9039 -1.1771 -1.2765 -1.0778 -0.6554 -0.5312 -0.6554 
