Размер изображения: 32x32x3
Предсказанный класс: корабль

Пиксели изображения:

Канал 0:
0.5455 0.5455 0.2652 0.1619 0.6635 0.8995 0.9733 1.0618 1.1503 1.2388 1.2979 1.2536 1.4306 1.5044 1.5634 1.6077 1.3569 1.5486 1.6224 1.6814 1.6962 1.6372 1.6667 1.6667 1.6962 1.5486 1.6077 1.7257 1.6372 1.5782 1.7109 1.7257 
0.7225 0.7520 0.4422 0.2357 0.7815 1.0618 1.1208 1.1503 1.2536 1.3864 1.4159 1.3126 1.5339 1.6224 1.6519 1.7109 1.4454 1.5782 1.6372 1.7847 1.8289 1.6667 1.6962 1.7847 1.7699 1.5782 1.6814 1.7994 1.6519 1.6372 1.8437 1.8437 
0.7815 0.8110 0.5307 0.3094 0.8848 1.1798 1.2536 1.1503 1.2979 1.5044 1.4306 1.3421 1.5191 1.6077 1.6077 1.7404 1.4749 1.5782 1.6519 1.7404 1.6372 1.3569 1.6962 1.7994 1.8289 1.6224 1.7257 1.8732 1.7109 1.6077 1.9027 1.8289 
0.8700 0.8405 0.5750 0.3832 0.9585 1.2093 1.3421 1.2683 1.3716 1.5782 1.4749 1.3716 1.4601 1.6224 1.5044 1.7552 1.5191 1.5782 1.6519 1.5782 0.8258 0.7520 1.6077 1.7994 1.8732 1.6372 1.7257 1.9027 1.7257 1.5782 1.8880 1.8142 
0.9585 0.9438 0.6487 0.3832 1.0028 1.2241 1.4159 1.2683 1.3274 1.6224 1.4896 1.3716 1.4306 1.6224 1.3274 1.6814 1.5486 1.5191 1.6372 1.3421 0.5602 0.6930 1.5191 1.7109 1.8584 1.6224 1.6814 1.8437 1.6372 1.6667 1.8732 1.7847 
1.0618 1.0176 0.7225 0.3094 1.0323 1.2093 1.4454 1.3274 1.3864 1.6667 1.4749 1.3716 1.3716 1.5782 1.1503 1.2388 1.2683 1.2536 1.6814 1.0618 -0.1331 0.5455 1.4896 1.6077 1.8289 1.5929 1.5486 1.7699 1.5782 1.6224 1.7994 1.6814 
1.1061 1.0323 0.7520 0.1767 1.0323 1.1946 1.4896 1.4159 1.5044 1.6814 1.4306 1.3716 1.3864 1.5634 0.9881 0.8110 0.9733 0.9585 1.2388 0.9733 -0.0151 0.2357 0.7520 0.9143 1.4454 1.5044 1.4011 1.6814 1.5486 1.5339 1.7552 1.6814 
1.2241 1.1208 0.7815 0.2799 1.2093 1.4306 1.5191 1.5191 1.6372 1.7109 1.4601 1.4601 1.4601 1.4749 1.1798 1.2388 0.7520 0.2504 -0.3102 -0.5610 -0.7380 -0.8708 -0.8265 -0.9003 -0.2512 0.8995 1.2979 1.5782 1.4306 1.3421 1.7404 1.6962 
0.7963 0.7225 0.5307 0.2357 0.8110 0.9585 0.7963 1.1208 1.2979 1.3421 1.2536 1.3126 1.3421 1.1798 1.0618 1.0618 0.3094 -0.2364 -0.4724 -0.4429 -0.5462 -0.5610 -0.3987 -0.7675 -0.6347 -0.0004 0.6045 0.9143 0.7815 0.6192 1.2683 1.0913 
-0.1036 -0.0889 -0.1184 -0.2512 -0.2364 -0.2069 -0.1479 0.1029 0.2652 0.3684 0.4422 0.5012 0.5307 0.3832 0.4422 0.4275 -0.0446 -0.3102 -0.3249 -0.3249 -0.5315 -0.5167 -0.5167 -0.5610 0.2652 0.1029 0.4865 0.4717 -0.0446 -0.1774 0.1619 0.0291 
-0.8118 -0.6642 -0.6790 -0.7822 -0.5610 -0.4577 -0.5462 -0.4577 -0.4134 -0.2217 -0.2807 -0.2659 -0.2217 -0.2069 -0.1036 -0.1921 -0.4577 -0.4577 -0.4429 -0.5315 -0.7232 -0.8118 -0.3839 -0.1036 0.1029 -0.1626 0.3832 1.1503 0.0586 -0.2659 -0.4282 -0.3987 
-1.0035 -0.8265 -0.6790 -0.6495 -0.1479 -0.2217 -0.5315 -0.7527 -0.4134 -0.1184 -0.3839 -0.4134 -0.1921 -0.0889 -0.2069 -0.3544 -0.3397 -0.3839 -0.3397 -0.3544 -0.4577 -0.5315 0.4127 0.9733 0.8553 0.3684 -0.1331 1.2241 0.4865 -0.3839 -0.5020 -0.5315 
-0.9298 -0.5167 -0.3987 -0.6937 -0.3102 -0.3102 -0.6495 -0.5315 -0.0151 0.1767 0.0881 -0.1921 -0.2364 -0.1626 -0.3397 -0.5020 -0.5905 -0.5905 -0.5020 -0.3839 -0.3839 -0.1331 0.7225 1.0913 1.2831 1.0618 0.0881 0.7668 0.8405 -0.6052 -0.5315 -0.6200 
-0.6937 -0.4724 -0.5020 -0.6790 -0.5757 -0.7822 -0.7380 -0.6052 -0.4724 -0.2659 -0.0446 -0.1479 -0.2954 -0.2217 -0.2364 -0.3397 -0.3692 -0.3397 -0.3397 -0.1774 -0.1036 0.3094 0.8700 0.9290 1.0323 1.0471 0.5750 0.1619 0.7225 -0.6052 -0.9003 -0.7970 
-0.6495 -0.6200 -0.5757 -0.6347 -0.6200 -0.7232 -0.7527 -0.5167 -0.1774 -0.0004 0.1177 0.1767 0.2357 0.2209 0.2062 0.1472 0.3684 0.3980 0.3684 0.4275 0.3980 0.6192 0.8553 0.8848 0.9438 0.8110 0.7225 -0.2954 -0.4577 -0.7085 -0.9740 -0.9150 
-0.3692 -0.3987 -0.2217 -0.2512 -0.1774 0.1472 0.1619 0.2504 0.3389 0.4570 0.5012 0.4865 0.5012 0.5012 0.5455 0.3980 0.4275 0.5307 0.5160 0.3684 -0.0299 0.1324 0.3684 0.7078 0.8258 0.6930 0.6782 -0.2364 -0.7675 -0.3397 -0.5167 -0.7232 
-0.2217 -0.2954 -0.0889 0.1472 0.1177 0.2062 0.3389 0.3242 0.3684 0.4275 0.4865 0.4865 0.4865 0.4717 0.4422 0.3389 0.1324 0.1914 0.2652 0.0881 -0.3987 -0.0594 0.3684 0.5602 0.6782 0.6192 0.6045 0.1619 0.3389 1.0471 0.4865 -0.2364 
-0.3839 -0.1921 -0.0446 -0.1774 -0.3839 -0.4134 0.1177 0.3537 0.4127 0.4422 0.4275 0.3389 0.1914 0.0734 0.0144 0.0291 0.0144 0.1767 0.5012 0.3980 0.1472 0.3832 0.6045 0.5160 0.5307 0.4422 0.4717 0.4127 0.5602 0.6340 0.5307 0.3980 
-0.2807 -0.4724 -0.7085 -0.7527 -0.5167 -0.1479 0.0291 0.2799 0.3242 0.1177 -0.0151 -0.0594 -0.0151 0.0734 0.1767 0.2947 0.4275 0.3094 0.4717 0.5602 0.4422 0.5307 0.6487 0.5897 0.4717 0.4570 0.4865 0.3389 0.1472 -0.0004 0.0586 0.4127 
-0.5167 -0.8855 -0.7380 -0.1626 0.1029 0.2504 0.1324 0.0291 -0.0446 -0.1921 -0.0446 0.1619 0.3242 0.4570 0.5160 0.4717 0.4127 0.2357 0.3537 0.4865 0.4717 0.4865 0.5750 0.6340 0.4570 0.3389 0.0586 -0.2364 -0.4282 -0.6790 -0.5167 0.1619 
-0.2512 -0.2659 -0.2069 -0.1036 -0.0889 -0.0741 0.0291 -0.0446 -0.0741 0.1914 0.2947 0.3389 0.3242 0.2947 0.1767 -0.0594 -0.3397 -0.4724 0.1324 0.4275 0.4422 0.4865 0.4570 0.3537 -0.0594 -0.3692 -0.4577 -0.6052 -0.8265 -0.7380 -0.7085 -0.8265 
-0.3249 -0.2069 -0.1479 -0.1479 -0.1036 -0.0299 0.0586 0.0734 -0.0594 0.0586 0.0586 0.1177 0.1472 0.1324 -0.4429 -0.8855 -0.9445 -0.9593 -0.0889 0.3980 0.2652 0.1324 -0.1036 -0.3839 -0.5167 -0.5610 -0.7085 -0.9298 -0.9003 -0.6790 -1.0330 -1.3871 
-0.8708 -0.2512 -0.0741 -0.1036 -0.0741 -0.0594 -0.2807 -0.4429 -0.5462 -0.5905 -0.6347 -0.1331 0.1767 0.1324 -0.3692 -0.6642 -0.5610 -0.5167 -0.2069 -0.1921 -0.3692 -0.4872 -0.5610 -0.5905 -0.7527 -0.8855 -1.0330 -1.1216 -1.0183 -1.1068 -1.3428 -1.4314 
-0.9445 -0.3692 -0.2217 -0.2364 -0.2069 -0.2512 -0.8265 -1.0035 -0.9150 -0.8413 -0.7822 -0.1626 0.2062 0.1767 -0.0889 -0.3397 -0.4872 -0.6200 -0.6347 -0.6052 -0.5905 -0.6052 -0.7527 -0.9740 -1.1363 -1.0625 -1.1216 -1.1806 -1.2838 -1.3428 -1.3871 -1.4314 
-0.8265 -0.4577 -0.2512 -0.2364 -0.1774 -0.1774 -0.6200 -0.7085 -0.5315 -0.4872 -0.3397 -0.2217 -0.3397 -0.5610 -0.7822 -0.8265 -0.7527 -0.6937 -0.5905 -0.5757 -0.7232 -1.0330 -1.1806 -1.1363 -0.8855 -0.9740 -1.2101 -1.2691 -1.3133 -1.3428 -1.3871 -1.4166 
-0.7970 -0.5020 -0.2364 -0.2659 -0.2807 -0.3249 -0.4872 -0.5905 -0.6642 -0.7675 -0.9150 -0.9445 -0.9298 -0.8560 -0.8118 -0.7527 -0.7232 -0.7822 -0.8708 -0.9888 -1.1068 -1.0921 -1.0625 -1.1363 -0.9593 -1.1068 -1.3428 -1.3724 -1.3576 -1.4166 -1.4314 -1.3428 
-0.9888 -0.9298 -0.8265 -0.9298 -0.9740 -1.0478 -1.1216 -1.1363 -1.1068 -1.0330 -0.9740 -0.9298 -0.8708 -0.8413 -0.8708 -0.9298 -1.0330 -1.2248 -1.2396 -1.0773 -1.0625 -1.0773 -1.1658 -1.2248 -1.1806 -1.3133 -1.3871 -1.3724 -1.3871 -1.4166 -1.3724 -1.3281 
-1.3428 -1.3576 -1.4019 -1.3871 -1.3281 -1.3133 -1.2986 -1.2101 -1.0625 -1.0183 -1.0035 -1.0330 -1.1068 -1.1953 -1.2248 -1.1953 -1.2248 -1.1363 -0.8118 -0.9740 -1.1806 -1.2396 -1.2543 -1.2396 -1.3281 -1.3871 -1.4019 -1.3871 -1.3724 -1.3428 -1.2986 -1.4461 
-1.2986 -1.3281 -1.3871 -1.3724 -1.3724 -1.3428 -1.3281 -1.3133 -1.2691 -1.2986 -1.3428 -1.3428 -1.2838 -1.2101 -1.1806 -1.1216 -1.1658 -1.0183 -0.7085 -1.0625 -1.3428 -1.2691 -1.2248 -1.3133 -1.3871 -1.4019 -1.3871 -1.3576 -1.3428 -1.2248 -1.4019 -1.5936 
-1.3281 -1.3428 -1.4019 -1.4019 -1.4166 -1.4166 -1.4019 -1.3871 -1.3576 -1.3133 -1.2396 -1.1953 -1.1658 -1.1806 -1.1953 -1.1658 -1.2101 -1.1068 -0.8413 -1.2248 -1.3724 -1.2543 -1.3428 -1.3576 -1.4019 -1.4166 -1.3871 -1.3724 -1.2986 -1.2396 -1.6526 -1.7264 
-1.4461 -1.3871 -1.4166 -1.3724 -1.3428 -1.3133 -1.2838 -1.2396 -1.2101 -1.2101 -1.1953 -1.2101 -1.2248 -1.2691 -1.3428 -1.2986 -1.3724 -1.2543 -0.9445 -1.2543 -1.3428 -1.3576 -1.3576 -1.3576 -1.4314 -1.4314 -1.4461 -1.3871 -1.2543 -1.5051 -1.7264 -1.7117 
-1.3724 -1.3428 -1.3133 -1.2838 -1.2986 -1.2838 -1.2691 -1.2396 -1.2248 -1.2248 -1.2543 -1.2838 -1.3428 -1.4314 -1.5641 -1.6084 -1.6674 -1.5051 -1.1216 -1.3133 -1.4166 -1.3871 -1.3871 -1.3724 -1.4314 -1.4756 -1.4904 -1.2838 -1.4166 -1.7117 -1.7264 -1.6822 

Канал 1:
0.8915 0.8445 0.5150 0.3895 0.9386 1.1739 1.2210 1.2995 1.3465 1.3779 1.3936 1.3308 1.5034 1.5505 1.5976 1.6289 1.3622 1.5662 1.6446 1.6603 1.6917 1.6603 1.6917 1.6917 1.7074 1.5348 1.5976 1.7231 1.6289 1.5348 1.6603 1.6917 
1.0484 1.0327 0.6719 0.4209 1.0327 1.3152 1.3308 1.3308 1.4093 1.5034 1.5034 1.3465 1.5662 1.6446 1.6603 1.7231 1.4407 1.5819 1.6446 1.7545 1.7858 1.6289 1.6603 1.7545 1.7545 1.5662 1.6603 1.8015 1.6132 1.5505 1.7701 1.7858 
1.0641 1.0484 0.7190 0.4522 1.0641 1.3622 1.4093 1.2681 1.3779 1.5662 1.4564 1.3465 1.5034 1.5819 1.5819 1.7388 1.4564 1.5662 1.6446 1.7231 1.5976 1.2681 1.5819 1.6917 1.7858 1.5662 1.6760 1.8329 1.6446 1.5034 1.8172 1.7388 
1.0955 1.0327 0.7190 0.4836 1.0641 1.3152 1.4407 1.3152 1.4093 1.5976 1.4720 1.3152 1.3779 1.5505 1.4564 1.7388 1.4877 1.5348 1.6289 1.5976 0.7974 0.6562 1.4877 1.6917 1.8015 1.5505 1.6446 1.8329 1.6289 1.4720 1.7858 1.7074 
1.1583 1.1112 0.7503 0.4366 1.0641 1.2681 1.4407 1.2524 1.2838 1.6289 1.4564 1.2838 1.3152 1.5034 1.2367 1.6132 1.4720 1.4407 1.6132 1.4407 0.5778 0.6405 1.4250 1.6132 1.7858 1.5348 1.5976 1.7701 1.5348 1.5348 1.7545 1.6603 
1.1739 1.1269 0.7817 0.3267 1.0641 1.2367 1.4564 1.2838 1.3308 1.6446 1.4093 1.2838 1.2838 1.5034 1.0327 1.1269 1.1896 1.1739 1.6603 1.1112 -0.1440 0.5307 1.4720 1.5662 1.7701 1.5034 1.4407 1.6603 1.4564 1.5191 1.6917 1.5505 
1.1112 1.0327 0.7190 0.0914 0.9543 1.0955 1.3779 1.2524 1.3465 1.5662 1.2995 1.2367 1.2995 1.5191 0.8602 0.6719 0.8915 0.9229 1.2367 0.9229 -0.0655 0.2797 0.7817 0.8915 1.4250 1.4250 1.2681 1.5034 1.3465 1.3936 1.5976 1.4250 
1.1269 1.0171 0.6562 0.0757 0.9229 1.0955 1.1426 1.1112 1.2367 1.4093 1.1739 1.2053 1.2524 1.2995 1.0327 1.1426 0.7033 0.2483 -0.3165 -0.6303 -0.7558 -0.8343 -0.8343 -1.0069 -0.3950 0.7817 1.1426 1.3936 1.1739 1.0014 1.3779 1.2367 
0.6248 0.5464 0.3267 -0.0027 0.4993 0.6091 0.4209 0.7190 0.8915 0.9543 0.8759 0.9700 1.0327 0.9072 0.9386 1.0171 0.2953 -0.1910 -0.4107 -0.3950 -0.4577 -0.4577 -0.3636 -0.8500 -0.8029 -0.1753 0.4052 0.6562 0.4679 0.2483 0.8915 0.6562 
-0.2852 -0.2695 -0.3008 -0.4420 -0.3793 -0.3636 -0.3322 -0.0969 0.0286 0.0443 0.1071 0.2169 0.2797 0.1541 0.3895 0.4366 0.0129 -0.2224 -0.2067 -0.2067 -0.3950 -0.3950 -0.4891 -0.6460 0.1541 -0.0812 0.2797 0.1855 -0.3636 -0.4264 -0.0498 -0.2067 
-0.8657 -0.7245 -0.7401 -0.8029 -0.5362 -0.4420 -0.5676 -0.5205 -0.5048 -0.3793 -0.4264 -0.3479 -0.3008 -0.2381 -0.0184 -0.0969 -0.3793 -0.3793 -0.3636 -0.4107 -0.5833 -0.7245 -0.3950 -0.2224 -0.0184 -0.3479 0.1698 0.9072 -0.2067 -0.3479 -0.4891 -0.4577 
-0.9284 -0.7558 -0.5989 -0.5519 -0.0812 -0.1753 -0.5519 -0.8186 -0.4577 -0.0655 -0.3165 -0.2852 -0.0184 0.0914 0.0129 -0.1596 -0.2067 -0.2852 -0.2695 -0.2224 -0.3165 -0.4577 0.3895 0.8759 0.7817 0.2326 -0.3793 1.0014 0.2483 -0.4734 -0.5362 -0.5362 
-0.8186 -0.4107 -0.3165 -0.6303 -0.2538 -0.2852 -0.6303 -0.4891 0.0600 0.2953 0.2483 -0.0341 -0.0498 0.0443 -0.1283 -0.3165 -0.3950 -0.3950 -0.3008 -0.1596 -0.2381 -0.0969 0.6562 0.9543 1.1426 0.8759 -0.2381 0.4522 0.5307 -0.8343 -0.5519 -0.5048 
-0.5676 -0.3636 -0.4264 -0.6303 -0.5519 -0.7715 -0.6931 -0.5205 -0.3636 -0.1596 0.0757 0.0129 -0.1126 -0.0341 -0.0498 -0.1440 -0.1596 -0.0969 -0.1126 0.0286 0.0129 0.3110 0.7503 0.7346 0.7974 0.7817 0.2797 -0.1753 0.4209 -0.8813 -0.9598 -0.6931 
-0.4891 -0.5048 -0.4891 -0.5676 -0.5989 -0.7088 -0.7088 -0.4107 -0.0498 0.1385 0.2797 0.3895 0.4679 0.4836 0.4366 0.3738 0.5934 0.6248 0.5778 0.5621 0.4522 0.5621 0.6876 0.6405 0.6719 0.5464 0.4836 -0.5519 -0.7245 -0.9912 -1.1010 -0.9127 
-0.1596 -0.2381 -0.0969 -0.1440 -0.1126 0.2326 0.2953 0.4209 0.5307 0.6562 0.7190 0.7346 0.7817 0.7974 0.8131 0.6405 0.6248 0.7033 0.6562 0.4209 -0.0812 -0.0027 0.1385 0.4366 0.5621 0.4522 0.5150 -0.3950 -0.9912 -0.5989 -0.6931 -0.8029 
-0.0027 -0.1283 0.0757 0.2953 0.2326 0.3267 0.5150 0.5307 0.5778 0.6405 0.7190 0.7660 0.8131 0.8131 0.7503 0.5934 0.2953 0.2953 0.3267 0.0914 -0.4891 -0.2067 0.1698 0.3424 0.4993 0.4522 0.4679 0.0443 0.1855 0.8445 0.3110 -0.3950 
-0.1440 -0.0027 0.1228 -0.0341 -0.2695 -0.3008 0.2953 0.5778 0.6562 0.6562 0.6719 0.6248 0.5307 0.4209 0.3267 0.2797 0.1698 0.2640 0.5464 0.4209 0.1071 0.2953 0.4993 0.3895 0.4679 0.3424 0.3581 0.2797 0.3895 0.3895 0.2953 0.2169 
-0.0655 -0.3165 -0.5833 -0.6303 -0.3636 0.0286 0.2326 0.4836 0.5621 0.4052 0.2640 0.2012 0.2326 0.3110 0.4052 0.4993 0.5778 0.4209 0.5464 0.6091 0.4366 0.4836 0.5464 0.4836 0.4209 0.3895 0.3895 0.2012 -0.0184 -0.1910 -0.1283 0.2640 
-0.3322 -0.7558 -0.5833 0.0286 0.3424 0.4993 0.3581 0.2169 0.1385 0.1228 0.2797 0.4209 0.5307 0.6248 0.6405 0.5934 0.5307 0.3424 0.4522 0.5464 0.4679 0.4366 0.4679 0.5150 0.3895 0.2797 -0.0498 -0.3479 -0.5519 -0.8029 -0.6460 0.0757 
-0.0027 -0.0184 0.0286 0.1541 0.1541 0.1541 0.2640 0.1385 0.0757 0.4366 0.5621 0.5934 0.5621 0.4993 0.2797 0.0129 -0.2695 -0.4107 0.2326 0.4836 0.4679 0.4679 0.4052 0.2953 -0.0812 -0.3950 -0.4891 -0.6617 -0.9127 -0.8657 -0.8343 -0.9598 
-0.0184 0.1071 0.1698 0.1541 0.1698 0.2169 0.2797 0.2640 0.0914 0.2012 0.2326 0.3267 0.4052 0.3581 -0.3636 -0.8657 -0.9127 -0.9284 -0.0184 0.4679 0.3110 0.1541 -0.1126 -0.3793 -0.4734 -0.5205 -0.6774 -0.8970 -0.9127 -0.8029 -1.1951 -1.5717 
-0.6146 0.0600 0.2326 0.2012 0.2012 0.1855 -0.0655 -0.2852 -0.4264 -0.4891 -0.5362 0.0286 0.3738 0.3267 -0.3008 -0.6303 -0.5048 -0.4577 -0.1283 -0.1440 -0.3165 -0.4264 -0.4891 -0.5048 -0.7088 -0.8500 -1.0069 -1.1010 -1.0382 -1.2579 -1.5089 -1.6031 
-0.7401 -0.1283 0.0129 0.0129 0.0600 -0.0027 -0.6460 -0.8813 -0.8029 -0.6931 -0.6460 -0.0341 0.3110 0.2640 -0.0184 -0.2852 -0.4264 -0.5676 -0.5833 -0.5676 -0.5362 -0.5048 -0.5989 -0.8500 -1.1481 -1.0853 -1.1481 -1.1951 -1.3520 -1.4932 -1.5560 -1.6031 
-0.6774 -0.2695 -0.0655 -0.0341 0.0600 0.0757 -0.4264 -0.5676 -0.3950 -0.2695 -0.1440 -0.1126 -0.3165 -0.5989 -0.7715 -0.7872 -0.6931 -0.6460 -0.5519 -0.5205 -0.6460 -0.9284 -1.0382 -1.0069 -0.9284 -1.0539 -1.2893 -1.3677 -1.4148 -1.4932 -1.5403 -1.5874 
-0.6460 -0.3322 -0.0498 -0.0969 -0.1440 -0.2067 -0.3636 -0.4891 -0.5676 -0.6774 -0.8343 -0.8970 -0.9127 -0.8343 -0.7715 -0.6617 -0.5989 -0.6931 -0.8186 -0.9441 -1.0696 -1.0696 -1.0382 -1.1324 -1.0069 -1.1794 -1.4305 -1.4619 -1.4305 -1.4619 -1.5403 -1.5089 
-0.8970 -0.8500 -0.7401 -0.8657 -0.9284 -1.0069 -1.0853 -1.1010 -1.0696 -0.9912 -0.9284 -0.8813 -0.8186 -0.8029 -0.8186 -0.8343 -0.9441 -1.1638 -1.2265 -1.0226 -1.0382 -1.1010 -1.2422 -1.3050 -1.2422 -1.3834 -1.4619 -1.4619 -1.4462 -1.4619 -1.4775 -1.5089 
-1.3834 -1.4148 -1.4619 -1.4305 -1.3206 -1.2736 -1.2579 -1.1794 -1.0226 -0.9755 -0.9598 -0.9912 -1.0696 -1.1638 -1.1794 -1.1638 -1.2108 -1.1010 -0.7558 -0.9441 -1.1951 -1.2893 -1.3520 -1.3520 -1.3991 -1.4619 -1.4775 -1.4619 -1.4462 -1.4305 -1.4305 -1.6344 
-1.4148 -1.4619 -1.5246 -1.4932 -1.3991 -1.3363 -1.3206 -1.3050 -1.2579 -1.2736 -1.3206 -1.3206 -1.2579 -1.1638 -1.1167 -1.1324 -1.2265 -1.0069 -0.6146 -1.0539 -1.3991 -1.3677 -1.3520 -1.4619 -1.4775 -1.4775 -1.4619 -1.4305 -1.4462 -1.3677 -1.5874 -1.8070 
-1.4619 -1.4775 -1.5403 -1.5246 -1.4775 -1.4462 -1.4462 -1.4148 -1.3677 -1.2893 -1.2108 -1.1794 -1.1324 -1.1324 -1.1481 -1.2265 -1.3677 -1.1481 -0.7558 -1.2422 -1.4619 -1.3677 -1.5089 -1.5246 -1.4932 -1.4932 -1.4619 -1.4305 -1.4148 -1.4619 -1.8855 -1.9796 
-1.5560 -1.4932 -1.5246 -1.4619 -1.3991 -1.3520 -1.3206 -1.2893 -1.2422 -1.1951 -1.1638 -1.1951 -1.1951 -1.2265 -1.2893 -1.4148 -1.6031 -1.3363 -0.8657 -1.3050 -1.4462 -1.5089 -1.5403 -1.5403 -1.5089 -1.5089 -1.5246 -1.4462 -1.3834 -1.7756 -1.9953 -1.9796 
-1.4462 -1.4148 -1.3834 -1.3520 -1.3363 -1.3363 -1.3363 -1.3206 -1.3050 -1.2893 -1.3206 -1.3834 -1.4619 -1.5560 -1.6815 -1.8227 -1.9639 -1.6658 -1.1010 -1.3991 -1.5717 -1.5560 -1.5560 -1.5403 -1.5403 -1.5560 -1.5560 -1.3991 -1.6031 -1.9953 -2.0110 -1.9639 

Канал 2:
1.2450 1.1816 0.8009 0.6740 1.2450 1.4671 1.4988 1.5464 1.5781 1.6098 1.5940 1.4512 1.5305 1.5464 1.5623 1.6098 1.3243 1.5305 1.6098 1.6574 1.6733 1.5781 1.5781 1.5781 1.6098 1.4512 1.5147 1.6416 1.5464 1.4354 1.5781 1.6257 
1.3561 1.3085 0.9119 0.6423 1.2609 1.5305 1.5305 1.4988 1.5781 1.6416 1.6098 1.4036 1.5781 1.6098 1.6098 1.6574 1.3719 1.5147 1.5781 1.7050 1.7050 1.4988 1.4988 1.5940 1.6574 1.4671 1.5781 1.7209 1.5305 1.4671 1.6892 1.7050 
1.2926 1.2450 0.8802 0.5947 1.1974 1.4988 1.5147 1.3402 1.4512 1.5940 1.4671 1.3402 1.4512 1.5147 1.4988 1.6416 1.3561 1.4671 1.5464 1.6257 1.4671 1.1340 1.4036 1.5147 1.6574 1.4512 1.5623 1.7209 1.5464 1.4036 1.7050 1.6416 
1.2450 1.1499 0.8009 0.5630 1.1181 1.3402 1.4512 1.2926 1.3561 1.5147 1.3719 1.2292 1.2926 1.4671 1.3719 1.6416 1.3719 1.4354 1.5305 1.4988 0.6740 0.5154 1.3561 1.5464 1.6574 1.4195 1.5147 1.7050 1.4988 1.3402 1.6574 1.5781 
1.2609 1.1657 0.7850 0.4519 1.0547 1.2292 1.3878 1.1657 1.1816 1.4512 1.2926 1.1340 1.1974 1.4036 1.1181 1.4988 1.3561 1.3243 1.4988 1.3402 0.5154 0.5471 1.3561 1.5147 1.6416 1.3878 1.4354 1.6098 1.3878 1.4036 1.6257 1.5305 
1.2133 1.1023 0.7533 0.3250 0.9912 1.1023 1.2926 1.1023 1.1181 1.3719 1.1816 1.1181 1.1181 1.3243 0.8961 0.9912 1.0230 0.9912 1.4830 1.0071 -0.2143 0.4678 1.3719 1.4195 1.5940 1.2926 1.1974 1.4036 1.2292 1.3878 1.5623 1.3719 
1.0864 0.9278 0.6581 0.1030 0.8326 0.9119 1.1657 1.0230 1.0705 1.1974 1.0230 1.0705 1.0864 1.2292 0.6581 0.4995 0.6899 0.7216 1.0547 0.8485 -0.1032 0.2140 0.6423 0.6899 1.2292 1.2133 0.9912 1.1816 1.0388 1.1974 1.3878 1.1499 
1.0705 0.9119 0.5630 0.0554 0.8485 0.9595 0.9912 0.9437 1.0230 1.0547 0.8643 0.9754 0.9912 0.9912 0.7692 0.9437 0.5630 0.1823 -0.3412 -0.5949 -0.6901 -0.7853 -0.8805 -1.1184 -0.5156 0.6264 0.9278 1.1340 0.8643 0.6581 0.9912 0.7850 
0.5630 0.4678 0.2616 -0.0556 0.4202 0.4995 0.2775 0.5630 0.6899 0.6423 0.5788 0.7216 0.8168 0.6581 0.6740 0.8326 0.2457 -0.1032 -0.2460 -0.2460 -0.2777 -0.2777 -0.2460 -0.8487 -0.8805 -0.3094 0.2299 0.4519 0.1981 -0.1032 0.5154 0.2457 
-0.3253 -0.2777 -0.3253 -0.4998 -0.4680 -0.4680 -0.4680 -0.2460 -0.1508 -0.1508 -0.1032 0.0078 0.1347 0.0395 0.2616 0.3726 0.0554 -0.0715 0.0078 -0.0556 -0.2143 -0.1984 -0.3729 -0.6267 0.0871 -0.1984 0.1030 -0.0398 -0.5949 -0.6108 -0.2460 -0.4205 
-0.8646 -0.6584 -0.7218 -0.8805 -0.5791 -0.4522 -0.6267 -0.5949 -0.5791 -0.4046 -0.4839 -0.4522 -0.3253 -0.1508 0.1188 0.0395 -0.2460 -0.2618 -0.2618 -0.3729 -0.5156 -0.6267 -0.3412 -0.2460 -0.1508 -0.5315 -0.0715 0.6106 -0.4680 -0.4205 -0.5474 -0.4998 
-0.8805 -0.6267 -0.5315 -0.5949 -0.0239 -0.1032 -0.4839 -0.7853 -0.4363 0.0395 -0.2618 -0.2936 0.0713 0.3409 0.3409 0.1188 -0.0239 -0.2143 -0.2618 -0.2618 -0.3253 -0.4680 0.3409 0.7533 0.5788 -0.0239 -0.6901 0.6423 -0.0556 -0.5474 -0.5632 -0.5632 
-0.6901 -0.2143 -0.1825 -0.6267 -0.2301 -0.2143 -0.5474 -0.4046 0.1664 0.4361 0.3885 0.1188 0.1823 0.3409 0.1664 -0.0715 -0.2143 -0.2936 -0.2301 -0.0556 -0.1508 -0.1032 0.5630 0.7850 0.9437 0.6581 -0.4998 0.1347 0.2616 -0.9439 -0.6108 -0.5474 
-0.3729 -0.1508 -0.2777 -0.5949 -0.4839 -0.6743 -0.5632 -0.3570 -0.1984 0.0237 0.2775 0.2457 0.1506 0.2775 0.2299 0.0871 0.0395 0.0554 0.0237 0.1823 0.1030 0.2775 0.6106 0.5312 0.5947 0.5947 0.0713 -0.4046 0.2140 -1.0074 -1.0391 -0.7536 
-0.2618 -0.2460 -0.2936 -0.4680 -0.4363 -0.4839 -0.4522 -0.1508 0.2457 0.3885 0.5154 0.6423 0.7374 0.7533 0.7374 0.6581 0.8485 0.8326 0.7374 0.6423 0.4519 0.4678 0.4995 0.3885 0.4361 0.3409 0.3092 -0.7060 -0.8963 -1.1501 -1.2136 -0.9915 
0.1188 0.0871 0.1664 0.0237 0.1506 0.5630 0.6423 0.7850 0.9119 0.9754 1.0071 1.0230 1.0388 1.0547 1.0864 0.8961 0.8643 0.9119 0.8168 0.4361 -0.1508 -0.1350 -0.0715 0.1823 0.3409 0.2775 0.3885 -0.4839 -1.1184 -0.8170 -0.8487 -0.9122 
0.3409 0.2457 0.3726 0.5154 0.4995 0.6581 0.8643 0.9119 0.9754 1.0230 1.0547 1.0547 1.0547 1.0230 0.9119 0.7374 0.4202 0.4202 0.4043 0.0713 -0.5632 -0.3412 -0.0239 0.1506 0.3726 0.3409 0.3726 -0.0239 0.0554 0.5947 0.1347 -0.5156 
0.2140 0.4202 0.4837 0.2140 -0.0398 -0.0081 0.6106 0.9278 1.0230 1.0705 1.0388 0.9278 0.7533 0.5947 0.3726 0.2933 0.1823 0.2616 0.5471 0.4043 0.0554 0.2140 0.3726 0.2616 0.4043 0.2933 0.2775 0.1981 0.2299 0.1030 0.1030 0.0713 
0.2933 0.0713 -0.2460 -0.3570 -0.0874 0.3250 0.5312 0.8009 0.8802 0.7057 0.5471 0.4361 0.4202 0.4519 0.4519 0.5154 0.5788 0.3885 0.5154 0.5947 0.4202 0.4678 0.4995 0.4519 0.3885 0.3409 0.3092 0.1030 -0.1667 -0.4046 -0.2936 0.1506 
-0.0081 -0.4205 -0.2618 0.3568 0.7057 0.8485 0.6740 0.5154 0.4043 0.3092 0.4361 0.5471 0.6581 0.7374 0.7533 0.6740 0.5788 0.3409 0.4519 0.5312 0.4678 0.4519 0.4995 0.5471 0.3250 0.1981 -0.1191 -0.4363 -0.6425 -0.8963 -0.7218 0.0078 
0.3568 0.3409 0.3885 0.5154 0.5154 0.4837 0.5630 0.4202 0.3250 0.6423 0.7374 0.7216 0.6581 0.5947 0.3885 0.1030 -0.2301 -0.4046 0.2140 0.4678 0.4678 0.4678 0.4361 0.2933 -0.1667 -0.4998 -0.5949 -0.7694 -1.0074 -0.9439 -0.9122 -1.0391 
0.3409 0.4519 0.5312 0.4995 0.4837 0.5154 0.5630 0.5154 0.3250 0.4361 0.4361 0.4678 0.4995 0.4361 -0.2777 -0.7853 -0.8805 -0.9280 -0.0239 0.4519 0.2933 0.1347 -0.1191 -0.4205 -0.5632 -0.6267 -0.7853 -1.0074 -1.0232 -0.8805 -1.2770 -1.6577 
-0.3094 0.3568 0.5471 0.4995 0.4995 0.4678 0.1664 -0.0715 -0.2143 -0.2777 -0.3412 0.1664 0.4837 0.4043 -0.1984 -0.5632 -0.4680 -0.4680 -0.1508 -0.1667 -0.3570 -0.4839 -0.5474 -0.5632 -0.7694 -0.9122 -1.0867 -1.1818 -1.1184 -1.3404 -1.5942 -1.6735 
-0.5156 0.1030 0.2616 0.2457 0.3092 0.2299 -0.4363 -0.6901 -0.6267 -0.4998 -0.4522 0.1188 0.4519 0.3885 0.0871 -0.1984 -0.3887 -0.5791 -0.5949 -0.5949 -0.5949 -0.5632 -0.6901 -0.9439 -1.1818 -1.1184 -1.1977 -1.2453 -1.4039 -1.5784 -1.6418 -1.6894 
-0.4839 -0.0874 0.1188 0.1664 0.2775 0.2933 -0.2460 -0.3887 -0.2301 -0.1191 0.0078 0.0395 -0.1825 -0.4680 -0.6743 -0.7218 -0.6743 -0.6425 -0.5474 -0.5632 -0.7060 -1.0074 -1.1342 -1.0867 -0.9280 -1.0549 -1.3087 -1.3563 -1.4515 -1.5625 -1.6260 -1.6577 
-0.4363 -0.1191 0.1664 0.1188 0.0713 -0.0081 -0.1825 -0.3094 -0.4046 -0.6425 -0.8329 -0.8963 -0.9122 -0.8329 -0.7060 -0.6743 -0.6743 -0.7060 -0.7853 -0.9756 -1.1342 -1.1342 -1.1025 -1.1818 -1.0391 -1.1977 -1.4515 -1.4832 -1.4673 -1.5149 -1.5308 -1.5149 
-0.7536 -0.6901 -0.5949 -0.7060 -0.8170 -0.9122 -0.9756 -0.9915 -0.9756 -1.0232 -0.9915 -0.9439 -0.8963 -0.8329 -0.7853 -0.8805 -1.0549 -1.1977 -1.1977 -1.0708 -1.1025 -1.1342 -1.2611 -1.3404 -1.2770 -1.4198 -1.4991 -1.4832 -1.4991 -1.5149 -1.4515 -1.5149 
-1.3404 -1.3722 -1.4198 -1.4039 -1.3246 -1.3087 -1.2929 -1.1977 -1.0391 -1.0232 -1.0232 -1.0549 -1.1342 -1.1977 -1.1818 -1.2294 -1.3087 -1.1501 -0.7377 -0.9756 -1.2453 -1.3246 -1.3880 -1.3722 -1.4356 -1.4991 -1.5149 -1.4991 -1.4832 -1.4832 -1.4832 -1.7211 
-1.4832 -1.5149 -1.5784 -1.5625 -1.4991 -1.4356 -1.4356 -1.4039 -1.3563 -1.3404 -1.3880 -1.3880 -1.3246 -1.2294 -1.1501 -1.1977 -1.3404 -1.0867 -0.6267 -1.0867 -1.4356 -1.3880 -1.3563 -1.4673 -1.4991 -1.5149 -1.4991 -1.4673 -1.4832 -1.4356 -1.6894 -1.9591 
-1.5625 -1.5784 -1.6418 -1.6260 -1.5784 -1.5467 -1.5467 -1.5149 -1.4673 -1.3722 -1.2770 -1.2453 -1.1977 -1.1977 -1.1977 -1.3087 -1.4832 -1.2294 -0.8011 -1.2770 -1.4991 -1.3880 -1.5149 -1.5308 -1.5308 -1.5308 -1.4991 -1.4673 -1.4515 -1.5467 -2.0542 -2.1970 
-1.6577 -1.5942 -1.6260 -1.5625 -1.4832 -1.4198 -1.3880 -1.3404 -1.2929 -1.2611 -1.2294 -1.2611 -1.2611 -1.3087 -1.3563 -1.4991 -1.7053 -1.4356 -0.9280 -1.3404 -1.4832 -1.5149 -1.5308 -1.5308 -1.5467 -1.5467 -1.5625 -1.4832 -1.4198 -1.8956 -2.2287 -2.2287 
-1.5308 -1.4832 -1.4515 -1.4198 -1.3880 -1.3880 -1.3880 -1.3563 -1.3563 -1.4039 -1.4356 -1.4832 -1.5625 -1.6577 -1.8004 -1.9591 -2.1018 -1.7529 -1.1342 -1.4198 -1.5784 -1.5625 -1.5625 -1.5467 -1.5784 -1.5784 -1.5942 -1.4515 -1.6894 -2.1494 -2.2287 -2.1653 
