Размер изображения: 32x32x3
Предсказанный класс: лягушка

Пиксели изображения:

Канал 0:
-0.9519 -0.8409 -1.3294 -1.7291 -1.8845 -1.5070 -1.4182 -1.3960 -1.3960 -1.5070 -2.1732 -2.0622 -1.4182 -1.2184 -1.2628 -1.3294 -0.9519 -0.3968 -0.3301 -0.3745 -0.2857 -0.5966 -1.0629 -1.1740 0.0918 0.0696 -1.4848 -0.8853 -0.6854 -1.2628 -1.1962 -0.9075 
-0.8631 -0.6410 -1.0629 -1.7291 -1.4848 -0.9519 -1.3072 -1.3072 -1.3072 -1.6181 -2.2398 -1.8401 -0.9519 -0.8631 -1.1740 -1.3072 -0.6854 -0.5078 -0.5522 -0.6188 -0.4634 -0.5966 -1.1740 -1.0851 0.5137 0.2916 -1.7069 -1.3516 -1.1517 -1.1962 -0.9519 -1.0407 
-0.7743 -0.5300 -0.7965 -1.4848 -0.9741 -0.7520 -1.2850 -1.1962 -1.1962 -1.6847 -2.1510 -1.5959 -1.0629 -0.9075 -1.3516 -1.5292 -0.7298 -0.6854 -1.0851 -1.0185 -0.5522 -0.5078 -1.3294 -0.9963 0.6913 0.4471 -1.8845 -1.4848 -0.8409 -0.6632 -0.7743 -1.3294 
-0.4412 -0.7298 -0.6188 -1.1962 -0.6188 -0.8853 -1.1740 -0.9963 -1.1073 -1.7735 -2.0178 -1.5737 -1.4404 -1.2628 -1.5070 -1.5292 -0.5078 -0.2191 -0.7298 -0.8409 -0.4856 -0.5300 -1.2850 -0.8853 0.7579 0.6469 -1.3516 -0.7298 -0.1747 -0.3301 -0.9519 -1.5515 
-0.2857 -0.4190 0.0696 -0.9297 -0.5966 -1.0407 -1.0407 -0.8853 -1.0185 -1.9067 -2.0622 -1.9067 -1.7069 -1.6181 -1.2628 -0.9963 -0.7965 -0.7298 -0.7965 -0.8187 -0.6854 -0.5522 -1.2628 -0.6632 0.9134 1.0688 -0.4634 -0.4634 -0.1969 -0.2857 -0.7298 -0.4412 
-0.5744 -0.5522 -0.5744 -0.6854 -0.8187 -1.1073 -0.9741 -1.1295 -1.0851 -1.9512 -2.0178 -1.7735 -1.2850 -1.0407 -0.8187 -0.8187 -0.8631 -0.9075 -0.8853 -1.1517 -1.4848 -0.5522 -0.8409 -0.6632 1.0688 1.4241 -0.2191 -0.4190 -0.3079 0.0696 0.0918 -0.1969 
-0.8631 -0.9741 -1.6847 -1.0851 -0.7965 -0.7520 -0.7743 -1.3072 -1.3072 -1.9956 -1.7513 -1.0185 -0.5744 -0.5078 -0.4856 -0.9963 -1.6403 -1.2406 -0.2857 -1.4404 -1.8401 -0.3079 -0.5078 -0.6632 1.2909 1.6018 0.0252 -0.0193 0.0029 0.5137 -0.4856 -1.3516 
-1.0851 -1.2184 -1.8401 -0.8409 -0.5966 -0.6632 -0.6188 -1.0407 -1.5070 -2.1732 -1.2184 -0.3079 -0.4634 -0.4412 -0.7298 -1.8401 -2.1066 -1.3960 -0.3523 -1.1295 -1.2850 -0.1525 -0.4190 -0.2191 0.8024 1.5796 0.2694 0.3582 0.3582 0.4471 -1.2406 -1.8623 
-0.8853 -1.3516 -1.3072 -0.1303 0.2472 -0.4190 -0.9963 -0.6410 -0.9297 -1.6403 -0.5966 -0.2635 -0.4190 -0.3968 -1.4848 -2.0844 -1.2406 -0.3523 -0.9075 -0.8187 0.0696 0.1140 0.0474 0.1584 0.6247 1.0688 0.2916 0.4249 0.3582 0.1584 -1.7069 -1.9067 
-0.6854 -1.2184 -1.1740 0.1362 0.4471 0.3360 -0.9519 -1.1740 -0.6410 -0.5744 0.0696 0.0474 -0.0415 -0.8631 -1.9512 -1.5737 -0.3523 -0.0637 -0.5522 -0.2413 0.2250 0.2694 0.1584 -0.3523 0.8024 0.8690 0.3804 0.4249 0.2472 -0.2857 -2.0844 -1.8845 
-0.5078 -1.1073 -1.1962 0.0918 0.4693 0.5359 -0.1747 -1.3072 -1.5292 -0.5300 -0.0859 0.0252 0.3804 -0.3301 -0.9963 -0.5522 -0.2413 -0.3079 -0.0859 0.0474 0.0252 0.4249 -0.5078 -1.1295 0.9800 0.9356 0.3360 0.3582 0.1362 -0.3301 -2.1288 -1.9289 
0.0029 -1.2184 -1.2850 -0.0193 0.4027 0.5137 0.4471 -0.7298 -1.2628 -0.3745 -0.5078 -0.0193 0.6691 0.0474 0.4693 0.8690 0.5359 0.2694 0.1140 0.2472 0.2028 0.1584 -0.3968 -0.3301 1.1576 0.7357 0.1140 0.3804 0.2916 -0.1525 -2.0844 -2.1954 
-0.2635 -1.4626 -1.4404 -0.3523 -0.0415 0.4471 0.4915 0.2472 0.2694 0.3360 0.1362 0.6469 0.8912 0.0474 -0.0637 0.5359 0.8468 0.6025 0.4471 0.5803 0.7135 0.2694 0.4027 0.2472 0.9800 0.8246 -0.1969 -0.0415 0.4915 -0.1969 -1.9956 -1.5070 
-0.2413 -0.9297 -1.0851 -0.4190 -0.1747 0.0696 0.5581 0.6247 0.8690 0.7135 0.9356 0.8246 0.7579 0.6247 0.5137 0.4249 0.3804 0.3360 0.6247 0.8690 0.9578 0.7579 1.0688 0.6247 0.8468 0.8024 0.0252 0.0918 0.4915 -0.3523 -1.2850 -0.5522 
-0.0637 -0.7965 -0.7298 -0.2857 -0.0859 -0.3079 0.5581 0.5581 0.7801 0.6025 0.4471 0.5581 0.8690 0.9356 1.1576 0.9800 0.8246 0.8024 0.5359 0.6025 0.6691 0.6691 1.2021 1.2687 1.2243 0.4249 0.4027 0.2472 0.2250 -0.2857 -1.0851 -0.6854 
-0.3079 -0.8853 -0.8853 -0.3745 -0.1525 -0.2191 0.3360 0.5137 0.8690 1.8904 0.6691 -0.6410 0.3582 0.8690 0.8690 1.2021 1.6018 1.4019 0.9800 0.8024 0.8024 0.2916 0.8912 1.5796 1.6018 1.1576 0.4471 0.3360 0.0918 -0.9963 -1.8179 -0.5300 
-0.4412 -0.6410 -0.7520 -0.4190 0.0474 0.2694 0.2694 0.4693 0.2694 1.6906 1.8682 -0.4634 0.1362 1.0688 1.2465 1.2909 1.0244 1.1799 1.6684 1.6462 1.7572 1.4463 0.8912 0.7801 1.6240 1.9348 0.7579 0.3582 -0.0193 -1.4182 -1.4848 0.2250 
-0.3745 -0.4190 -0.1081 -0.2635 0.1806 -0.1747 0.0696 -0.0415 0.1362 0.4471 1.7572 1.3353 0.7135 1.0022 1.4241 1.4241 1.3131 1.2465 1.0910 1.2243 1.1799 1.2687 1.4019 1.0688 1.1799 0.8246 1.3131 0.1362 -0.0415 -0.7520 -1.4626 -0.3079 
-0.1525 -0.2413 0.2694 0.3138 0.1362 -0.6632 -0.2857 -0.3745 0.1584 0.0474 0.4693 2.1347 1.3131 0.6469 1.1576 1.0022 1.5796 1.7350 1.3797 1.5573 1.5796 1.0688 1.2021 1.2687 1.0688 0.7135 -0.0859 -0.7965 -0.5300 -0.4190 -0.8409 0.1362 
0.0474 -0.0193 0.3138 -0.2635 -0.3968 -0.7076 -0.7965 -0.1747 0.0252 0.4249 -0.4634 0.7135 1.8016 1.1354 1.2909 1.6018 1.4685 1.4463 1.8238 1.7794 1.2021 1.0022 1.2021 1.1799 1.0022 0.9134 -0.7298 -0.7520 -0.9297 -1.0185 0.0918 0.6691 
0.2472 -0.0415 -0.4190 -0.6632 -0.4190 -0.8187 -1.0629 -0.1081 -0.7298 -0.2857 0.1362 -0.9297 0.4249 1.6240 1.4685 1.8238 1.7350 1.4019 1.6906 1.8904 1.2465 1.1576 1.4019 1.2687 0.8468 0.6913 -0.0859 -0.3523 -0.6854 -0.3079 0.0918 0.1584 
0.4027 -0.3079 -1.1073 -0.1081 -0.0415 -0.7076 -0.7965 -0.2857 -0.3079 -0.9519 0.2694 -0.1969 -0.3745 1.1799 1.9571 1.7794 1.6462 1.8904 1.3131 1.3131 1.3797 1.1576 1.0244 1.1799 0.8246 0.6691 0.0474 -0.5966 -0.0637 0.6247 0.0252 -0.1747 
0.0696 -0.5744 -0.8409 -0.0859 0.1140 -0.3079 -0.8631 -0.5300 0.1806 0.0252 -0.5078 0.3804 0.4249 1.0466 1.7350 2.0459 1.7572 1.7572 1.5351 1.0910 0.8912 1.2021 1.2465 1.2909 1.2021 0.9134 0.2916 -0.2413 0.2694 0.1584 -0.2413 -0.2413 
-0.1525 -0.3523 0.7135 1.6018 0.9578 0.3360 -0.5078 -0.7076 -0.1081 0.3582 -0.3968 -0.5300 0.8468 1.4907 1.4463 2.0459 1.7794 1.4463 1.4463 1.1354 1.1354 1.4241 1.2243 1.4463 1.2465 0.6913 0.5137 0.5137 0.0918 -0.2857 -0.1747 -0.2635 
0.2472 0.8024 1.8682 2.2457 1.9126 1.0910 0.4249 0.0029 -0.0415 -0.3079 -0.0415 0.0696 0.3582 1.4907 1.5129 1.9793 1.6906 1.3797 1.5129 1.2687 1.0688 1.9793 1.4907 1.2243 0.8690 0.5137 0.3138 -0.1525 -0.1747 -0.2635 -0.0193 -0.1303 
0.0474 0.1806 0.6691 1.3575 1.9793 1.9571 1.1576 0.6247 0.4693 -0.1969 -0.3523 0.6691 0.8468 1.1354 1.6018 1.3575 0.7579 0.7357 1.4907 1.5573 1.2909 1.7794 1.5796 0.9578 0.7801 1.0244 0.0918 -1.1073 -0.3745 -0.1525 -0.1303 -0.7743 
-0.3745 -0.4634 -0.7520 -0.0193 1.2687 1.7128 1.8460 1.2243 0.5803 0.4471 -0.0415 -0.1303 0.2250 0.5359 0.8468 0.1806 -0.6854 -0.1969 1.1799 1.6462 1.6684 1.1354 1.4463 1.3131 1.0688 0.6025 -0.3079 -1.4404 -0.3745 -0.3523 -0.8853 -0.6854 
-0.5966 -0.2857 -1.2850 -1.4182 -0.2857 0.8912 1.2909 1.7572 1.4685 0.8024 0.4027 0.1362 -0.0859 0.1362 0.2472 -0.0193 -0.5966 -0.5744 1.0910 1.6462 1.3575 1.5573 1.3575 0.9356 0.9800 0.0029 -1.4182 -0.9963 -0.2413 -0.8631 -0.6188 -0.4856 
-0.3968 -0.2857 -1.2406 -1.9289 -1.7735 0.0252 0.8468 1.5129 2.0903 1.6240 0.7579 0.4249 0.2694 0.2472 0.1362 0.4915 0.4693 0.2250 0.8024 1.3575 1.1354 1.4463 1.6018 0.9800 0.2472 -0.8853 -1.4182 -0.5078 -1.2628 0.1362 1.3131 -0.0415 
-0.2857 -0.3745 -1.1295 -1.2406 -1.8623 -1.3072 0.2472 1.0688 1.7572 2.1125 1.7350 1.0466 0.7357 0.5581 0.1806 0.2028 0.0252 0.2472 0.6913 1.0022 1.1354 1.3131 1.0688 0.3804 -0.1525 -0.9519 -0.8853 -0.9741 -1.1740 0.8024 1.3797 0.3138 
-0.3079 -0.7298 -1.6847 -0.7743 -1.3738 -1.6625 -1.1962 0.1584 0.9356 1.5129 1.9348 1.9126 1.5351 1.0466 0.6247 0.8468 0.6913 -0.1525 -0.3079 0.2472 -0.1525 -0.2857 -0.2635 -0.0637 0.5137 0.2250 -0.0193 0.0252 0.4471 0.7801 1.0244 -0.0415 
-0.6632 -1.6181 -1.8623 -0.7076 -0.9519 -1.5070 -1.7957 -1.0851 0.2694 0.6247 0.9356 1.5129 1.8682 1.6684 1.2687 1.7350 2.2013 1.3797 -0.0193 -0.4856 -0.9297 -0.5078 0.0918 0.7135 1.3575 0.9134 0.6469 0.6469 0.9356 0.7801 1.0244 0.4471 

Канал 1:
-1.3714 -1.0416 -1.4728 -1.9294 -2.2592 -1.6504 -1.1938 -1.0669 -0.9908 -1.3206 -2.5890 -2.2338 -1.2953 -1.1938 -1.3206 -1.4221 -0.8894 -0.0523 0.0492 -0.0269 0.0999 -0.3567 -0.9655 -1.0162 0.3536 0.1760 -1.5997 -0.7879 -0.6611 -1.3967 -1.1684 -0.8894 
-1.0669 -0.5089 -1.2192 -1.9041 -1.6758 -0.7625 -0.9655 -0.9655 -0.8640 -1.5236 -2.6397 -1.8787 -0.7372 -0.7625 -1.1431 -1.2445 -0.3820 -0.1284 -0.2806 -0.4074 -0.1284 -0.3567 -1.1431 -0.9908 0.7341 0.4297 -1.9548 -1.4475 -1.2953 -1.4221 -0.8133 -1.0416 
-0.6864 -0.3313 -0.8640 -1.6758 -0.9655 -0.4328 -0.9147 -0.8133 -0.7625 -1.7519 -2.5890 -1.5743 -0.8386 -0.8640 -1.4221 -1.5743 -0.4835 -0.5089 -1.1177 -0.9655 -0.2045 -0.2045 -1.4221 -0.9147 0.9117 0.5312 -2.2085 -1.7011 -0.9655 -0.6103 -0.6103 -1.5997 
-0.1537 -0.5596 -0.5596 -1.2445 -0.3313 -0.5089 -0.8640 -0.6611 -0.7118 -1.9548 -2.4368 -1.6758 -1.4475 -1.3967 -1.7265 -1.7011 -0.4074 -0.1284 -0.6357 -0.6103 -0.1030 -0.2045 -1.3460 -0.7879 0.9624 0.7087 -1.4728 -0.7372 -0.0523 0.0999 -0.7118 -1.8280 
-0.0523 -0.4581 0.1507 -0.7372 -0.2045 -0.7118 -0.8133 -0.7118 -0.7372 -2.1070 -2.4368 -2.1831 -1.9041 -1.7011 -1.2445 -0.9147 -0.4328 -0.2298 -0.3820 -0.5342 -0.4835 -0.3313 -1.2192 -0.4835 1.0131 1.2668 -0.2552 -0.1537 0.1760 0.2521 -0.4835 -0.3567 
-0.4328 -0.5089 -0.6103 -0.6103 -0.6864 -0.8386 -0.7879 -1.1177 -0.8640 -2.2085 -2.4114 -2.0055 -1.1431 -0.7372 -0.4074 -0.3567 -0.4835 -0.5342 -0.5596 -1.1177 -1.6504 -0.3059 -0.6103 -0.5089 1.1400 1.6219 0.2014 0.1253 0.1760 0.5565 0.2521 -0.0523 
-0.7118 -0.6611 -1.8787 -1.0923 -0.8133 -0.5596 -0.7372 -1.4982 -1.2192 -2.3607 -2.1324 -0.8133 0.0999 0.1760 0.2014 -0.5850 -1.6250 -1.2953 -0.1791 -1.6504 -2.1577 0.0238 -0.2298 -0.4074 1.5458 1.7995 0.4804 0.4551 0.3790 0.9624 -0.5342 -1.5997 
-0.9147 -0.9655 -1.9041 -0.4328 -0.4835 -0.6357 -0.7118 -1.2953 -1.6758 -2.5890 -1.2445 0.4297 0.4043 0.4551 -0.2045 -2.0563 -2.4368 -1.4475 -0.1791 -1.0923 -1.5997 0.0746 -0.0523 0.4551 1.3683 1.8502 0.7087 0.6580 0.5565 0.8356 -1.4982 -2.4875 
-0.6103 -1.1177 -1.2192 0.4551 0.6834 -0.2045 -1.0669 -0.7625 -1.2953 -1.9802 -0.2298 0.5565 0.3536 0.3029 -1.4982 -2.5129 -1.3460 0.0492 -0.7118 -0.9147 -0.2552 0.4297 0.8356 1.0892 1.2161 1.3936 0.7087 0.7087 0.6073 0.5058 -2.0563 -2.5382 
-0.1537 -1.0416 -1.1177 0.6580 1.0385 0.8356 -0.9655 -1.3460 -1.0416 -0.8133 0.3790 0.5058 0.4043 -0.7372 -2.2592 -1.6758 0.0492 0.5312 -0.1791 0.1507 0.7341 0.8609 0.8609 0.1760 1.1400 1.2922 0.7595 0.8102 0.6580 -0.0269 -2.5382 -2.4875 
-0.0523 -1.0923 -1.2445 0.5819 1.0892 1.1146 0.1253 -1.4475 -1.7265 -0.2045 0.5058 0.1253 0.0999 -0.7372 -1.2953 -0.3567 0.3282 0.2775 0.6073 0.9878 0.8609 1.0892 -0.1284 -0.8894 1.1907 1.3429 0.7341 0.8609 0.5819 -0.1537 -2.6143 -2.5129 
0.0238 -1.3460 -1.4221 0.4043 0.9878 1.1653 1.0892 -0.6864 -1.1938 0.4551 0.4043 -0.2552 -0.3313 -0.5089 0.3536 1.0131 0.7848 0.8102 0.7341 0.3282 0.0492 0.2775 -0.1030 0.3536 1.6980 1.2161 0.6073 0.8863 0.6580 -0.0776 -2.5890 -2.8173 
-0.4074 -1.6504 -1.5743 -0.0269 0.3282 1.0639 1.2922 0.7595 0.5565 0.6326 0.1253 -0.1030 -0.1791 -0.7625 -0.5089 0.4297 0.4804 0.4043 0.2775 -0.1537 -0.0523 -0.3820 -0.0776 0.3536 1.3683 1.3175 0.3282 0.5819 0.9878 -0.2045 -2.4368 -2.0055 
-0.1537 -0.9401 -1.1177 -0.1537 0.1253 0.4551 1.2668 1.2414 0.7848 0.0492 0.2014 -0.0523 -0.0776 -0.1030 -0.2298 -0.3059 -0.4328 -0.3567 -0.0776 0.0746 0.2268 -0.0015 0.1760 -0.1284 0.5565 1.0131 0.4804 0.8102 1.1146 -0.2552 -1.4475 -0.6864 
0.2521 -0.6611 -0.5850 -0.0523 0.2014 -0.2045 1.0892 1.1653 0.4297 -0.3820 -0.4581 -0.2552 0.0492 0.1760 0.5058 0.2521 -0.0015 -0.0776 -0.3820 -0.2806 -0.1791 -0.1030 0.4804 0.5565 0.5058 0.0238 0.6073 0.9370 0.8863 -0.2552 -1.2699 -0.7118 
-0.0269 -0.8133 -0.7372 -0.1030 0.1253 0.0492 0.7341 1.1146 0.7848 1.2414 -0.0269 -1.3460 -0.3820 0.0492 0.0238 0.4297 0.8356 0.5565 0.1507 -0.0776 -0.0015 -0.4835 0.2268 1.1400 0.9370 0.4551 0.1507 0.9624 0.6834 -1.1938 -2.2338 -0.4581 
-0.2552 -0.5596 -0.5596 0.0999 0.4804 0.7595 0.6834 1.0385 0.4043 1.0385 1.1146 -1.2953 -0.5596 0.2775 0.4297 0.4804 0.1760 0.3536 0.9624 0.9117 1.0385 0.7341 0.0746 0.0999 1.1907 1.3936 -0.0015 0.5312 0.5312 -1.5489 -1.8026 0.4297 
-0.2552 -0.2552 0.2268 0.1760 0.6326 0.0492 0.5565 0.3790 0.5312 -0.0269 1.1653 0.7848 -0.0015 0.1253 0.6073 0.6326 0.4804 0.4297 0.2521 0.4043 0.3029 0.5312 0.7848 0.3029 0.5819 0.2014 0.6073 -0.0015 0.3029 -0.5596 -1.6250 -0.2806 
-0.0269 -0.1030 0.6834 0.5058 0.4804 -0.6357 0.0238 -0.1030 0.5312 0.0999 -0.0269 1.6473 0.5819 -0.3059 0.3536 0.2014 0.8102 0.9878 0.6580 0.8102 0.7341 0.3029 0.7087 0.5819 0.3029 0.0238 -0.6357 -0.8894 -0.4835 -0.0776 -0.6357 0.3029 
0.3536 0.3282 0.7341 -0.2806 -0.0015 -0.5342 -0.7372 0.0746 0.3029 0.7848 -0.6611 0.0746 1.1907 0.3536 0.6073 0.9624 0.7087 0.6580 1.1146 1.1400 0.4804 0.1507 0.5565 0.5819 0.2521 0.2014 -1.1938 -0.7118 -0.9908 -0.8894 0.6834 1.1907 
0.6580 0.4551 -0.2552 -0.7118 -0.0269 -0.4581 -0.9655 0.2014 -0.5089 -0.1537 0.4804 -1.2192 -0.1030 1.0385 0.8356 1.2161 1.0892 0.6834 0.8863 1.1400 0.6073 0.3790 0.6326 0.5819 0.1253 0.0492 -0.3313 -0.2298 -0.6611 -0.0776 0.8609 0.9878 
0.7595 -0.0776 -1.2699 0.0746 0.1760 -0.5342 -0.5850 -0.0269 -0.0523 -0.7879 0.8102 0.0746 -0.7372 0.7087 1.4951 1.1907 1.0131 1.2922 0.5819 0.5312 0.5312 0.3282 0.1760 0.4297 0.0746 -0.0523 -0.1284 -0.5089 0.1760 1.2414 0.8102 0.7848 
0.3536 -0.4581 -1.0162 0.0238 0.3536 -0.1030 -0.6103 -0.1791 0.7087 0.4804 -0.1284 0.6580 0.1760 0.6834 1.2922 1.4444 1.0892 1.1653 0.9370 0.5312 0.0999 0.4297 0.4551 0.4804 0.3536 0.2775 -0.0015 -0.3313 0.7595 1.0639 0.7087 0.6834 
0.0746 -0.2806 0.7087 1.7488 1.2668 0.9117 -0.0269 -0.2806 0.5819 0.7848 -0.1791 -0.4328 0.6580 0.9878 0.8102 1.2668 0.9878 0.8356 0.8609 0.4804 0.3790 0.6326 0.3536 0.5312 0.3790 0.4551 0.0238 0.3029 0.8609 0.6834 0.9117 0.6834 
0.6834 1.0131 1.9771 2.4844 2.2054 1.6980 1.2161 0.6326 0.5819 -0.0015 0.0746 0.3536 0.4297 0.9370 0.7087 1.0639 0.8356 0.8356 0.9370 0.5058 0.2775 1.1907 0.6326 0.3536 0.1253 0.0999 -0.3820 -0.2045 0.8102 0.5312 0.9624 0.8609 
0.4297 0.3790 0.8863 1.7234 2.3069 2.3576 1.7488 1.3683 1.1907 0.2521 -0.1284 1.0385 1.2922 0.7341 0.8102 0.5312 0.0492 0.1760 0.7848 0.7595 0.5819 1.0385 0.6834 0.0492 -0.0776 0.2268 -0.6611 -1.2192 0.5819 0.6834 0.7341 -0.0523 
-0.1791 -0.2806 -0.6357 0.3029 1.7488 2.1547 2.2561 1.7995 1.3936 1.2922 0.5819 0.1253 0.5565 0.5312 0.3029 -0.4581 -1.2445 -0.7625 0.4297 0.8356 0.9878 0.4043 0.6580 0.5058 0.2268 -0.1284 -0.9401 -1.5743 0.6073 0.5819 -0.2806 -0.3313 
-0.4074 -0.2045 -1.4475 -1.4728 -0.0523 1.4190 1.8502 2.3069 2.0278 1.5966 1.2922 0.7848 0.5058 0.7087 0.4804 0.0746 -0.3567 -0.6611 0.5058 0.8102 0.5565 0.9878 0.6834 0.1253 0.2268 -0.6103 -1.8533 -0.6357 0.6326 -0.3567 -0.1030 -0.1284 
-0.1537 -0.2552 -1.5236 -2.1324 -2.0563 0.3282 1.4697 1.9517 2.2815 2.0786 1.5458 1.4190 1.2414 1.0639 0.9117 0.9878 0.8863 0.4297 0.3282 0.4804 0.3282 0.7848 0.8609 0.0999 -0.4835 -1.4221 -1.5997 0.0492 -0.9655 0.3536 1.9010 0.2268 
0.1253 0.0238 -1.0923 -1.1177 -2.1577 -1.4221 0.6834 1.7488 2.1800 2.4591 2.3322 1.8249 1.5712 1.4697 1.0892 0.9370 0.3282 0.0746 0.0238 0.2268 0.4043 0.6326 0.3282 -0.2045 -0.3567 -1.0923 -0.9401 -0.7879 -1.1177 1.2668 2.0025 0.5312 
0.0746 -0.4581 -1.7772 -0.3820 -1.3967 -1.8787 -1.1177 0.7341 1.6980 2.0532 2.4083 2.4337 2.1039 1.8502 1.4697 1.5205 1.0892 -0.1537 -0.7118 -0.0015 -0.6357 -0.8386 -0.8386 -0.2806 0.7087 0.4043 0.2014 0.3029 0.9370 1.4951 1.6727 0.1760 
-0.5089 -1.8026 -2.0816 -0.1791 -0.6611 -1.6250 -2.0563 -1.1177 0.9624 1.4951 1.5966 2.1547 2.4337 2.2308 1.8756 2.1293 2.3322 1.4697 0.0492 -0.2298 -0.9147 -0.5089 0.2521 0.9624 1.6219 1.1400 1.1400 1.1400 1.4697 1.4444 1.5966 0.8609 

Канал 2:
-1.2135 -0.8107 -1.3286 -1.7889 -2.0190 -1.6163 -1.0696 -1.0121 -0.9546 -1.0984 -2.3067 -2.1341 -1.4149 -1.3861 -1.2422 -1.2135 -0.9833 -0.4367 -0.3216 -0.4367 -0.2641 -0.4079 -1.0409 -1.0121 0.1387 0.0236 -1.7601 -0.9833 -0.7819 -1.4724 -1.1272 -0.7532 
-0.9833 -0.3216 -1.0121 -1.8176 -1.6450 -0.8970 -0.9546 -0.9258 -0.8107 -1.2998 -2.4506 -1.8752 -1.0409 -0.8682 -0.9546 -1.2998 -0.6956 -0.5230 -0.5230 -0.6956 -0.4079 -0.3216 -1.1847 -0.9258 0.5415 0.1099 -2.0478 -1.5299 -1.3573 -1.3861 -0.6669 -0.7532 
-0.5806 -0.1490 -0.6381 -1.6450 -1.1272 -0.5806 -0.9258 -0.7819 -0.6669 -1.5587 -2.4506 -1.6450 -1.1559 -0.7819 -1.2710 -1.7026 -0.7244 -0.7532 -1.2135 -1.0696 -0.4367 -0.2929 -1.3573 -0.8682 0.6853 0.1962 -2.1916 -1.5587 -0.8395 -0.4942 -0.4367 -1.1847 
0.0524 -0.4655 -0.3504 -1.2998 -0.6093 -0.5806 -0.7819 -0.5230 -0.5806 -1.7889 -2.3067 -1.6738 -1.5012 -1.1559 -1.6450 -1.7889 -0.4942 -0.1490 -0.6956 -0.6669 -0.3216 -0.4367 -1.3286 -0.7244 0.7716 0.4264 -1.4436 -0.5518 0.0811 0.1099 -0.6956 -1.6738 
0.1387 -0.3792 0.3976 -0.9258 -0.4942 -0.6956 -0.5806 -0.4655 -0.5518 -1.9615 -2.3067 -2.1629 -1.8464 -1.5875 -1.1847 -0.9546 -0.5806 -0.3792 -0.4942 -0.6093 -0.6093 -0.5518 -1.3573 -0.4367 1.0305 1.0593 -0.2929 -0.2066 0.0524 0.1387 -0.5518 -0.3504 
-0.2929 -0.4367 -0.4942 -0.7244 -0.8970 -0.6669 -0.4367 -0.8970 -0.7244 -2.1053 -2.2779 -2.0190 -1.3861 -0.9546 -0.6093 -0.5518 -0.5806 -0.5806 -0.5518 -1.1272 -1.6738 -0.5518 -0.8682 -0.4367 1.2607 1.5772 0.1099 -0.0339 -0.0052 0.5127 0.3401 -0.0052 
-0.5806 -0.6381 -1.9327 -1.1847 -0.8682 -0.3792 -0.3792 -1.2135 -1.0409 -2.2204 -1.9615 -1.0984 -0.5518 -0.4942 -0.4367 -0.8682 -1.6738 -1.1847 0.1099 -1.4436 -2.0190 -0.1202 -0.5806 -0.5230 1.6347 1.9799 0.3401 0.4551 0.4264 1.1168 -0.3216 -1.4149 
-0.8395 -0.9546 -2.0478 -0.6381 -0.4367 -0.5806 -0.4942 -0.9833 -1.4724 -2.4218 -1.2998 -0.3216 -0.4942 -0.4942 -0.8682 -2.1341 -2.4793 -1.5299 -0.0915 -0.8107 -1.4436 0.0524 -0.5806 -0.2641 1.1168 2.0087 0.6278 0.8004 0.7428 1.1744 -1.1559 -2.0478 
-0.5518 -1.1272 -1.2422 0.3401 0.8291 -0.1202 -1.0121 -0.6381 -1.1847 -1.9903 -0.6093 -0.2641 -0.4079 -0.3792 -1.6738 -2.4506 -1.5012 -0.3216 -0.9258 -0.8682 -0.3504 0.1962 -0.0339 0.0236 0.6565 1.4045 0.8004 0.8291 0.8291 0.9155 -1.7026 -2.0766 
-0.1778 -0.9833 -1.0409 0.7428 1.1168 1.0018 -0.8107 -1.1847 -0.9546 -0.8107 0.1387 0.1962 0.0524 -0.9833 -2.2779 -1.8464 -0.2641 0.0236 -0.5518 -0.3504 0.1675 0.3688 0.0811 -0.5230 0.6853 1.1456 0.7716 0.9730 1.0018 0.2538 -2.2779 -1.9903 
-0.0339 -0.9546 -1.1272 0.6853 1.1456 1.2319 0.3113 -1.2710 -1.7313 -0.4942 0.1099 0.1387 0.2825 -0.5230 -1.2135 -0.5518 -0.0627 -0.2929 -0.0915 0.1387 0.1675 0.4551 -0.6093 -1.2422 0.7716 0.9155 0.7716 1.3182 0.8867 -0.0339 -2.3643 -2.0766 
0.2538 -1.1847 -1.2998 0.5127 1.0593 1.2319 1.2319 -0.5806 -1.3286 -0.2353 -0.2929 -0.3792 0.0524 -0.1778 0.7141 1.2319 0.8004 0.2825 0.0236 0.0524 -0.0052 -0.1202 -0.5230 -0.1202 1.1456 0.6565 0.7428 1.4045 0.7716 -0.0339 -2.3355 -2.4506 
-0.1202 -1.5012 -1.5012 0.1099 0.4264 1.1168 1.3470 0.7716 0.4264 0.2825 -0.1490 -0.0915 0.0811 -0.5230 -0.3216 0.4551 0.7428 0.5127 0.2250 0.0236 0.2825 -0.2066 -0.1490 0.0811 0.9155 0.8004 0.2538 0.5990 0.8867 -0.0915 -2.2204 -1.7313 
0.0811 -0.8395 -1.0696 -0.0052 0.2250 0.5127 1.3470 1.2895 0.8867 0.1387 0.2538 -0.0052 -0.0627 -0.1202 -0.1778 -0.1778 -0.2066 -0.1202 0.2250 0.4551 0.6278 0.4551 0.5127 0.0811 0.4839 0.7141 0.4264 0.6565 1.0305 -0.1202 -1.2422 -0.4655 
0.3976 -0.6669 -0.6093 0.1099 0.3401 -0.1778 1.2031 1.2319 0.6853 -0.1490 -0.3216 -0.1202 0.1099 0.1099 0.5127 0.3976 0.1675 0.0811 -0.1490 -0.0052 0.1387 0.4264 1.0018 1.0305 0.8579 0.0524 0.6853 0.7716 0.8579 -0.0052 -1.1272 -0.6381 
0.1099 -0.8107 -0.8107 -0.0052 0.3113 0.0811 0.8291 1.1744 1.0593 1.6635 0.2250 -1.1847 -0.1202 0.2538 0.1675 0.5990 1.1168 0.7716 0.2538 0.0811 0.1099 -0.2641 0.5990 1.7210 1.6059 0.8004 0.1675 0.9155 0.7428 -1.0121 -2.2779 -0.5806 
-0.1490 -0.4655 -0.6093 -0.0627 0.6565 0.9155 0.8004 1.0881 0.5127 1.4333 1.6635 -0.9833 -0.2353 0.6853 0.7716 0.8004 0.4551 0.5990 1.1744 1.2031 1.2895 0.9730 0.3113 0.5127 1.9224 2.0375 0.1962 0.6278 0.7141 -1.4436 -1.7026 0.4264 
-0.1778 -0.1202 0.2250 0.0236 0.7141 0.1962 0.7141 0.3688 0.5127 0.2825 1.8073 1.3470 0.4264 0.5415 1.0593 1.0593 0.9155 0.7716 0.4839 0.7428 0.5990 0.7428 0.9155 0.5990 1.1168 0.7141 1.1168 0.1962 0.3688 -0.5806 -1.5299 -0.1490 
0.0811 0.1099 0.8004 0.6565 0.4839 -0.6093 0.1962 -0.1778 0.4551 0.1962 0.3976 2.4115 1.0881 0.0524 0.8867 0.7141 1.2895 1.4045 1.0593 1.2607 1.1168 0.5415 0.8004 0.8291 0.7141 0.4264 -0.3504 -0.7244 -0.5806 -0.3216 -0.7244 0.5127 
0.4839 0.5702 0.9442 -0.1490 -0.1202 -0.5806 -0.6093 0.0524 0.2250 0.8291 -0.5518 0.6565 1.7210 0.7428 1.2319 1.6059 1.1744 1.0881 1.6059 1.6347 0.9442 0.5990 0.8291 0.8579 0.6278 0.5990 -0.9833 -0.4079 -0.8970 -1.0409 0.6565 1.3182 
0.7716 0.6853 -0.0915 -0.7244 -0.1202 -0.5806 -0.9258 0.2825 -0.5806 -0.1490 0.4839 -1.0696 0.2538 1.5484 1.4045 1.8361 1.7210 1.2607 1.3758 1.7210 1.2031 0.8867 1.0018 0.9155 0.4839 0.3688 0.0236 0.1675 -0.4367 0.1675 0.8579 0.7716 
0.9730 0.1387 -1.2135 0.0236 0.1099 -0.6381 -0.4942 0.1099 -0.0627 -0.9546 0.7428 0.1387 -0.5518 1.1168 2.0087 1.6922 1.6635 2.0375 1.1456 1.0018 0.9442 0.7428 0.5127 0.7141 0.3688 0.2825 0.0524 -0.3792 0.4264 1.4333 0.5702 0.3976 
0.5702 -0.3216 -1.0696 -0.0915 -0.0052 -0.4079 -0.6669 -0.0915 0.7716 0.4264 -0.2641 0.7428 0.4264 0.9442 1.6922 1.8361 1.6059 1.8073 1.6059 0.9730 0.4551 0.8867 0.8004 0.7141 0.6278 0.2825 -0.2353 -0.1778 1.0593 0.8291 0.1962 0.3688 
0.1675 -0.1778 0.8004 1.7785 0.7716 0.0811 -0.6669 -0.4079 0.6565 0.9730 -0.1490 -0.4079 0.9442 1.3470 1.1456 1.6635 1.4045 1.4333 1.5484 0.9730 0.8291 1.1456 0.7428 0.8867 0.6565 -0.1202 -0.2929 0.5415 0.8291 0.2538 0.3976 0.3113 
0.6853 1.2607 2.1525 2.5841 1.9224 0.7716 0.1099 -0.0052 0.2825 -0.0627 0.2825 0.5415 0.5702 1.2607 1.1168 1.4621 1.2031 1.4333 1.6635 1.0305 0.7141 1.8361 1.1456 0.7716 0.2825 -0.0915 -0.4079 -0.2641 0.3976 0.1099 0.5990 0.4551 
0.4551 0.4839 0.5990 1.5484 2.1238 1.8936 0.8867 0.3688 0.2825 -0.2929 -0.2066 1.3758 1.5196 0.9730 1.2031 0.8867 0.3401 0.6565 1.3182 1.2895 1.1168 1.6635 1.3182 0.3976 0.1387 0.5415 -0.5230 -1.3573 0.1099 0.2538 0.3688 -0.4942 
-0.1202 -0.2066 -1.0696 -0.1778 1.3470 1.6922 1.6922 0.9730 0.3401 0.3401 -0.1490 -0.1490 0.5415 0.5127 0.5127 -0.2929 -1.1272 -0.4942 0.8291 1.3758 1.5196 0.8004 1.0593 0.8579 0.6853 0.1675 -0.8682 -1.7313 0.1387 0.1675 -0.7819 -0.8107 
-0.2929 -0.0052 -1.6738 -1.7313 -0.4942 0.7141 1.2031 1.8361 1.4045 0.4839 0.1675 -0.1490 -0.2929 -0.0627 -0.0339 0.0811 -0.2929 -0.6381 0.8291 1.3470 1.0593 1.4621 1.0305 0.4264 0.5990 -0.4079 -1.8176 -0.8395 0.1962 -0.6093 -0.6093 -0.7532 
-0.0627 -0.1778 -1.6450 -2.2779 -2.2204 -0.4079 0.6278 1.6059 2.0087 1.3470 0.5415 0.1675 0.1387 -0.0339 -0.1778 0.5990 0.8004 0.3976 0.6565 0.9730 0.7428 1.2319 1.2319 0.3976 -0.3792 -1.4436 -1.5587 -0.0339 -1.3861 0.1099 1.7498 -0.2641 
-0.0052 -0.1778 -1.3573 -1.5875 -2.2779 -1.7601 -0.1490 0.8579 1.6635 2.3252 1.8936 0.8579 0.7141 0.6278 0.0236 -0.0052 -0.4367 -0.2066 0.3113 0.5990 0.9730 1.1744 0.6565 -0.0339 -0.4079 -1.2135 -0.9546 -0.9258 -1.4436 0.4551 1.2031 0.1675 
-0.2929 -0.6093 -1.9615 -1.0409 -1.6163 -1.9903 -1.6450 -0.2353 0.7428 1.5484 2.0950 2.0950 1.6635 1.0881 0.5415 0.8291 0.4551 -0.7532 -0.8395 0.1675 -0.4079 -0.6669 -0.6381 -0.1778 0.7141 0.4551 0.1099 0.1675 0.8004 0.6853 0.8867 -0.0915 
-0.7819 -1.8752 -2.1629 -0.8107 -1.1559 -1.8176 -2.2204 -1.5875 -0.0915 0.2250 0.6853 1.6635 2.2388 1.7210 1.2607 1.8361 2.1238 0.8291 -0.6669 -0.5230 -1.2998 -0.6093 0.2825 1.0018 1.8361 1.3470 1.1168 1.0881 1.5772 1.2607 1.5484 0.7141 
