Размер изображения: 32x32x3
Предсказанный класс: корабль

Пиксели изображения:

Канал 0:
1.0824 1.0311 1.0439 1.0439 1.0439 1.0439 1.0439 1.0439 1.0439 1.0439 1.0568 1.0568 1.0568 1.0568 1.0568 1.0568 1.0568 1.0439 1.0311 1.0183 1.0439 1.0439 1.0439 1.0568 1.0439 1.0568 1.0439 1.0439 1.0439 1.0568 1.0568 1.0439 
1.1209 1.0824 1.0824 1.0824 1.0824 1.0824 1.0824 1.0824 1.0824 1.0824 1.0952 1.0952 1.0952 1.0952 1.0952 1.0952 1.1081 1.0952 1.0952 1.0696 1.0696 1.0696 1.0824 1.0952 1.0952 1.0952 1.0824 1.0824 1.0824 1.0952 1.0952 1.0824 
1.1081 1.0696 1.0696 1.0696 1.0696 1.0696 1.0696 1.0696 1.0696 1.0696 1.0696 1.0696 1.0696 1.0696 1.0824 1.0824 1.0952 1.0952 1.0824 1.0696 0.9798 1.0311 1.0311 1.0696 1.0696 1.0696 1.0696 1.0696 1.0696 1.0824 1.0824 1.0696 
1.1209 1.0824 1.0824 1.0824 1.0824 1.0824 1.0824 1.0824 1.0696 1.0696 1.0696 1.0696 1.0696 1.0696 1.0824 1.0824 1.0568 1.0439 0.9926 0.9285 0.4537 0.7488 0.7232 0.9926 1.0952 1.0696 1.0696 1.0696 1.0696 1.0824 1.0824 1.0824 
1.1081 1.0696 1.0824 1.0824 1.0824 1.0824 1.0824 1.0824 1.0696 1.0696 1.0824 1.0824 1.0696 1.0696 1.0824 1.0824 1.0952 1.0568 0.8771 0.6718 0.1586 0.5692 0.8130 1.0183 1.1081 1.0824 1.0824 1.0824 1.0824 1.0952 1.0952 1.0952 
1.1337 1.0952 1.0952 1.0952 1.0952 1.0952 1.0824 1.0824 1.0696 1.0824 1.1081 1.1081 1.0696 1.0439 1.0824 1.0054 0.7360 0.5564 0.4409 0.2998 0.1843 0.4281 0.7232 0.9669 1.0952 1.0952 1.0952 1.0952 1.0952 1.1081 1.1081 1.1081 
0.9926 0.9926 1.0439 1.0311 1.0696 1.1081 1.1081 1.0952 1.1081 1.1081 1.1337 1.1337 0.9541 0.9413 1.0568 0.9028 0.4152 0.1330 0.1073 0.0432 -0.0851 -0.0980 0.0688 0.6077 1.0568 1.0952 1.0824 1.0824 1.0824 1.0952 1.1081 1.1337 
0.7873 0.9413 1.0183 0.9798 1.0054 1.0696 1.1081 1.1209 1.1337 1.1337 1.1337 1.1466 0.6462 0.8771 1.0568 0.8130 0.5435 0.4409 0.4281 0.2869 0.1843 0.1073 0.1458 0.4537 1.0054 1.0696 1.0568 1.0568 1.0696 1.0952 1.1081 1.1209 
0.8386 0.9028 0.9541 0.9541 0.9798 1.0311 1.0952 1.1209 1.1209 1.1209 1.1081 1.1337 0.5949 0.8900 1.0568 1.0183 0.7488 0.7488 0.8771 0.7360 0.7488 0.7617 0.8515 0.8643 0.9541 0.9926 0.9926 1.0183 1.0183 1.0824 1.1081 1.1209 
-0.4187 -0.4059 -0.3417 -0.1878 0.2741 0.9541 1.0824 1.1081 1.0952 1.0824 1.0824 1.0568 0.8130 0.9669 1.0439 1.0952 0.9926 0.9798 1.0311 0.9541 0.9541 0.8515 0.6462 0.4409 0.2741 0.2100 0.2100 0.4537 0.9285 1.0824 1.0952 1.1209 
-0.5342 -0.6112 -0.5470 -0.5085 -0.0595 0.9156 0.9798 1.0054 1.0952 1.0696 1.0311 1.0183 1.0054 1.0311 1.0439 1.0183 1.0311 1.0311 1.0054 0.9285 0.5179 0.1715 -0.0595 -0.1749 -0.2134 -0.2904 -0.3802 -0.0210 0.8386 1.0696 1.0824 1.1081 
0.5692 0.4794 0.6205 0.6334 0.7488 0.9285 0.8002 0.7745 0.8386 0.8900 0.8771 0.7617 0.7488 0.7745 0.8386 0.8900 0.9541 0.9669 0.9541 0.8643 0.4152 0.3126 0.3896 0.3511 0.4537 0.2485 -0.1108 0.4409 0.8771 1.0311 1.0696 1.0952 
0.5435 0.5179 0.6590 0.8130 0.9285 0.8130 0.6718 0.2613 0.3383 0.7232 0.2998 -0.6753 -0.7395 -0.6368 -0.5085 -0.3674 -0.1749 0.0303 0.6590 0.9285 0.8643 0.8900 0.9285 0.8515 0.9028 0.7873 0.5820 0.9156 0.8771 0.9028 1.0439 1.0824 
-0.4829 -0.5085 -0.4829 -0.3289 -0.1621 0.2485 0.5179 0.5051 0.7360 0.8386 0.0945 -1.2398 -1.3553 -1.3040 -1.2527 -1.0859 -0.6240 0.1073 0.9028 1.0696 1.0568 0.9798 0.9285 0.7232 0.6590 0.7745 0.7873 0.6205 0.3639 0.4794 0.7745 0.9028 
-1.1500 -1.0474 -1.1244 -1.0602 -0.3546 -0.1493 0.0047 0.5692 0.8130 0.7103 0.1586 -0.6112 -0.7138 -0.6368 -0.1621 0.3896 0.7232 0.9028 0.8771 0.6975 0.4152 0.0945 -0.0466 -0.2519 -0.3289 -0.2647 -0.1878 -0.2263 -0.2904 -0.1621 0.4024 0.5949 
-1.4195 -1.1885 -0.8421 -0.3032 -0.2391 -0.7010 -0.4059 0.1586 0.2869 0.4281 0.4024 0.3896 0.4152 0.6077 0.8643 0.6334 0.2998 0.1073 -0.0723 -0.2391 -0.4444 -0.6753 -0.7266 -0.6625 -0.5855 -0.5598 -0.3674 -0.1621 -0.0081 0.0817 0.4794 0.4409 
-1.7659 -1.5991 -0.2134 0.7103 -0.1621 -0.4187 -0.1236 0.2741 0.3896 0.7232 0.8900 0.9926 0.9413 1.0183 0.9669 0.3254 -0.0851 -0.1621 -0.1108 -0.0723 0.0432 -0.0210 -0.0210 0.0432 0.0817 0.1202 0.2869 0.4666 0.5051 0.3511 0.1843 0.0817 
-1.8685 -1.1885 0.6334 0.9541 0.5949 0.6205 0.7873 0.9669 1.0054 1.0568 1.0439 1.0183 0.7488 0.9285 0.9028 0.7617 0.6077 0.3768 0.5435 0.4794 0.4922 0.5564 0.5307 0.4281 0.2741 0.2613 0.1330 -0.0851 -0.1878 -0.2519 -0.2904 -0.1621 
-1.4323 -0.0723 0.5051 0.4537 0.4281 0.5307 0.5564 0.5564 0.5564 0.5179 0.5307 0.5051 0.3383 0.3768 0.0432 -0.0466 -0.0723 0.0688 -0.0595 -0.4829 -0.4700 -0.2391 -0.3161 -0.5085 -0.7523 -0.7651 -0.7395 -0.7266 -0.5855 -0.3802 -0.2776 -0.2776 
-0.3674 0.1458 -0.0980 -0.1749 -0.2519 -0.2904 -0.3032 -0.2647 -0.2519 -0.2904 -0.3032 -0.2776 -0.2776 -0.3417 -0.5983 -0.6497 -0.6240 -0.4187 -0.4957 -0.7266 -0.7266 -0.7266 -0.8164 -0.8678 -0.9063 -0.8678 -0.7395 -0.6368 -0.5470 -0.4572 -0.3802 -0.2647 
-0.9961 -0.9576 -0.9447 -0.9063 -0.8549 -0.8164 -0.8164 -0.7780 -0.7266 -0.6240 -0.5598 -0.4829 -0.4572 -0.4187 -0.4187 -0.3930 -0.4572 -0.5214 -0.5727 -0.6497 -0.7138 -0.8421 -0.9191 -0.9063 -0.9063 -0.9447 -0.9063 -0.8806 -0.7523 -0.4829 -0.3289 -0.1878 
-1.7659 -1.8942 -1.8172 -1.7017 -1.7017 -1.6632 -1.6761 -1.6504 -1.5991 -1.4964 -1.3938 -1.3168 -1.2655 -1.1629 -1.0859 -1.0346 -1.0217 -1.0089 -1.0730 -1.1629 -1.2270 -1.2527 -1.2527 -1.2013 -1.2013 -1.2013 -1.0089 -0.8164 -0.5983 -0.3930 -0.2647 -0.1749 
-1.4708 -1.7915 -1.8300 -1.5221 -1.4708 -1.6504 -1.8300 -1.8942 -1.9198 -1.9327 -1.9327 -1.9327 -1.8557 -1.8685 -1.9198 -1.8942 -1.7659 -1.6247 -1.6632 -1.6632 -1.6632 -1.6504 -1.5478 -1.4323 -1.2013 -0.8421 -0.4829 -0.3546 -0.4444 -0.3674 -0.2134 0.0303 
-1.4836 -1.5991 -1.7659 -1.5862 -1.0217 -1.0346 -1.3040 -1.5862 -1.7402 -1.8685 -1.9070 -1.9327 -1.7146 -1.2013 -1.5349 -1.8044 -1.8813 -1.8813 -1.8429 -1.7530 -1.6119 -1.4066 -1.1372 -0.8293 -0.3674 -0.0851 -0.2391 -0.4700 -0.4315 -0.2391 -0.0595 0.2741 
-1.7274 -1.7659 -1.8813 -1.8942 -1.3553 -1.0987 -1.2398 -1.4708 -1.7017 -1.8813 -1.9070 -1.9327 -1.8429 -0.4187 0.1330 -0.2519 -0.4957 -0.5855 -0.5855 -0.5342 -0.4187 -0.1621 0.0432 0.0047 -0.3032 -0.5855 -0.5727 -0.3930 -0.2776 -0.1108 0.1715 0.4281 
-1.4195 -1.7787 -1.9327 -1.9327 -1.7787 -1.5478 -1.5221 -1.6632 -1.8429 -1.9070 -1.9070 -1.8942 -1.9327 -1.0602 0.4024 0.6975 0.5820 0.5564 0.5692 0.4666 0.2741 -0.0081 -0.3546 -0.6112 -0.7138 -0.5983 -0.3674 -0.2776 -0.2391 0.0175 0.2613 0.4409 
-1.0474 -1.5991 -1.9198 -1.9198 -1.8813 -1.7787 -1.7017 -1.7787 -1.8813 -1.9070 -1.9070 -1.8813 -1.9198 -1.5221 0.0303 0.6718 0.5692 0.5179 0.3639 0.0560 -0.4059 -0.7651 -0.8934 -0.7266 -0.4315 -0.3289 -0.3289 -0.2776 -0.0851 0.1458 0.2869 0.4281 
-0.8678 -1.3296 -1.9198 -1.9070 -1.9070 -1.8685 -1.8429 -1.8813 -1.9198 -1.9198 -1.9198 -1.8942 -1.9198 -1.5862 -0.1108 0.6975 0.6077 0.2356 -0.3802 -0.8421 -0.9832 -0.8421 -0.6240 -0.3802 -0.2904 -0.3674 -0.3802 -0.2391 -0.0466 0.1843 0.3254 0.4537 
-0.7523 -1.2398 -1.8557 -1.8942 -1.9070 -1.9198 -1.9198 -1.9198 -1.9198 -1.9198 -1.9198 -1.9198 -1.9327 -1.7402 -0.6240 0.0817 -0.4315 -0.9832 -1.2142 -0.9832 -0.6625 -0.4572 -0.3674 -0.3417 -0.3546 -0.3289 -0.2904 -0.1878 -0.0338 0.1458 0.3383 0.4794 
-0.8164 -1.3810 -1.6889 -1.7915 -1.8300 -1.8685 -1.9070 -1.9070 -1.8942 -1.8942 -1.8942 -1.9070 -1.9327 -1.8813 -1.3938 -1.0217 -1.2527 -1.2013 -0.9063 -0.4829 -0.2391 -0.2134 -0.3546 -0.4444 -0.3930 -0.2519 -0.1493 -0.0980 0.0688 0.2356 0.4024 0.4794 
-0.8806 -1.3425 -1.4708 -1.5349 -1.5862 -1.6504 -1.7146 -1.7274 -1.7017 -1.6889 -1.6761 -1.6889 -1.6889 -1.6376 -1.4579 -1.1115 -0.8164 -0.5983 -0.4444 -0.2904 -0.1493 -0.2519 -0.4315 -0.4572 -0.3546 -0.2519 -0.1493 -0.0338 0.1073 0.2998 0.4409 0.4666 
-0.8421 -1.1372 -1.1885 -1.2270 -1.2783 -1.3296 -1.3425 -1.3168 -1.3040 -1.2783 -1.2527 -1.2270 -1.1757 -1.0602 -0.8934 -0.5983 -0.4444 -0.3032 -0.2263 -0.3032 -0.3032 -0.4187 -0.4700 -0.3674 -0.2776 -0.1878 -0.1236 -0.0210 0.0945 0.2228 0.3768 0.4537 

Канал 1:
1.0185 0.9681 0.9807 0.9807 0.9807 0.9807 0.9807 0.9807 0.9807 0.9807 0.9933 0.9933 0.9933 0.9933 0.9933 0.9807 0.9681 0.9681 0.9933 0.9933 0.9807 0.9681 0.9807 0.9933 0.9933 0.9933 0.9807 0.9807 0.9807 0.9933 0.9933 0.9807 
1.0563 1.0185 1.0185 1.0185 1.0185 1.0185 1.0185 1.0185 1.0185 1.0185 1.0311 1.0311 1.0311 1.0311 1.0311 1.0311 1.0059 1.0059 1.0311 1.0311 1.0185 1.0059 1.0311 1.0311 1.0311 1.0311 1.0185 1.0185 1.0185 1.0311 1.0311 1.0185 
1.0437 1.0059 1.0059 1.0059 1.0059 1.0059 1.0059 1.0059 1.0059 1.0059 1.0059 1.0059 1.0059 1.0059 1.0185 1.0059 0.9933 1.0059 1.0185 1.0185 0.9555 1.0185 0.9933 1.0059 1.0059 1.0059 1.0059 1.0059 1.0059 1.0185 1.0185 1.0059 
1.0563 1.0185 1.0185 1.0185 1.0185 1.0185 1.0185 1.0185 1.0059 1.0059 1.0059 1.0059 1.0059 1.0059 1.0185 1.0185 0.9933 0.9807 0.9555 0.9051 0.4769 0.7792 0.7036 0.9303 1.0185 1.0059 1.0059 1.0059 1.0059 1.0185 1.0185 1.0185 
1.0437 1.0059 1.0185 1.0185 1.0185 1.0185 1.0185 1.0185 1.0059 1.0059 1.0185 1.0185 1.0059 1.0059 1.0185 1.0185 1.0563 1.0437 0.8925 0.7036 0.2250 0.6406 0.8044 0.9429 1.0185 1.0185 1.0185 1.0185 1.0311 1.0311 1.0311 1.0311 
1.0689 1.0185 1.0185 1.0185 1.0185 1.0185 1.0311 1.0185 1.0059 1.0185 1.0311 1.0311 1.0185 0.9933 1.0437 0.9681 0.7792 0.6406 0.5525 0.4265 0.3132 0.5273 0.7666 0.9303 1.0185 1.0311 1.0311 1.0311 1.0311 1.0437 1.0437 1.0437 
0.9429 0.9177 0.9555 0.9303 0.9807 1.0311 1.0437 1.0437 1.0185 1.0185 1.0311 1.0437 0.9429 0.9303 1.0437 0.9051 0.5399 0.3258 0.3258 0.2754 0.1117 0.0613 0.1873 0.6532 1.0563 1.0437 1.0311 1.0185 1.0311 1.0563 1.0437 1.0437 
0.8296 0.9555 1.0059 0.9807 1.0059 1.0437 1.0563 1.0437 1.0437 1.0437 1.0311 1.0563 0.6281 0.8548 1.0311 0.8044 0.6281 0.5903 0.5903 0.4643 0.3510 0.2502 0.2754 0.5651 1.0689 1.0689 1.0563 1.0563 1.0689 1.0689 1.0689 1.0563 
1.0059 1.0311 1.0563 1.0689 1.0815 1.0563 1.0437 1.0311 1.0311 1.0311 1.0437 1.0689 0.5525 0.8422 1.0059 0.9681 0.7414 0.7792 0.9303 0.8044 0.8422 0.8799 0.9933 1.0185 1.0815 1.0563 1.0689 1.0815 1.0815 1.0815 1.0815 1.0563 
-0.1780 -0.2032 -0.1528 0.0109 0.4265 1.0059 1.0311 1.0059 0.9933 1.0185 1.0437 1.0437 0.7792 0.9303 1.0059 1.0437 0.9555 0.9555 1.0311 0.9807 1.0437 0.9933 0.8170 0.6281 0.4391 0.3132 0.3258 0.5651 1.0185 1.0940 1.0815 1.0815 
-0.3039 -0.4173 -0.3669 -0.3417 0.0613 0.9429 0.9303 0.9051 0.9807 1.0059 1.0311 1.0437 1.0059 1.0185 1.0437 1.0185 1.0311 1.0437 1.0437 0.9807 0.6532 0.3762 0.1369 0.0235 -0.0646 -0.1780 -0.2661 0.0991 0.9303 1.0940 1.0815 1.0815 
0.7288 0.6029 0.7162 0.7162 0.7918 0.9177 0.7414 0.6910 0.7414 0.8548 0.9051 0.8422 0.8170 0.8422 0.8925 0.9429 1.0059 1.0311 1.0437 0.9681 0.6281 0.5525 0.5777 0.5021 0.5399 0.3006 -0.0394 0.5147 0.9555 1.0815 1.0940 1.0815 
0.6658 0.6029 0.7162 0.7918 0.8925 0.8170 0.6784 0.2502 0.3258 0.7414 0.3762 -0.5306 -0.5054 -0.4173 -0.3165 -0.2032 -0.0269 0.1621 0.7792 1.0311 0.9807 0.9933 1.0059 0.9051 0.9303 0.8170 0.6155 0.9555 0.9177 0.9555 1.0689 1.0940 
-0.3039 -0.3669 -0.3669 -0.2913 -0.1150 0.3510 0.5903 0.5651 0.8170 0.9555 0.2250 -1.0470 -1.0596 -1.0218 -1.0218 -0.8833 -0.5054 0.1747 0.9177 1.0689 1.0437 0.9681 0.9303 0.7162 0.6784 0.8044 0.8170 0.6532 0.4014 0.5399 0.8422 0.9681 
-0.9210 -0.8581 -0.9462 -0.8707 -0.1654 0.0109 0.0361 0.5777 0.9303 0.8673 0.3258 -0.4173 -0.5306 -0.4677 -0.0394 0.4769 0.7288 0.8548 0.8170 0.6155 0.4014 0.1495 -0.0017 -0.2032 -0.2661 -0.1906 -0.1024 -0.1528 -0.2158 -0.0143 0.5399 0.7288 
-1.2737 -1.0596 -0.7069 -0.1276 -0.0394 -0.5936 -0.4928 0.0487 0.3258 0.5021 0.5021 0.4895 0.5021 0.6910 0.9303 0.7036 0.3384 0.1369 -0.0520 -0.2284 -0.3669 -0.5432 -0.6062 -0.5432 -0.4551 -0.4173 -0.2410 -0.0394 0.1243 0.2502 0.6532 0.6155 
-1.7523 -1.5760 -0.1780 0.7792 -0.0520 -0.3921 -0.2661 0.0991 0.3384 0.6910 0.8799 1.0059 1.0059 1.0940 1.0563 0.4391 0.0613 -0.0017 0.0487 0.1117 0.2124 0.1369 0.1369 0.2124 0.2502 0.2880 0.4517 0.6281 0.6658 0.5273 0.3636 0.2628 
-1.8782 -1.1603 0.6658 0.9807 0.6406 0.6658 0.7288 0.8799 0.9555 1.0311 1.0563 1.0563 0.8422 1.0563 1.0563 0.9303 0.7918 0.5777 0.7792 0.7414 0.7288 0.7540 0.7288 0.6281 0.4895 0.4643 0.3384 0.1369 0.0235 -0.1024 -0.1402 -0.0017 
-1.3744 0.0109 0.6281 0.5273 0.5399 0.7162 0.7162 0.6784 0.6532 0.6155 0.6658 0.6658 0.4895 0.5525 0.2754 0.1873 0.0865 0.2124 0.1117 -0.2661 -0.2158 0.0361 -0.0520 -0.2410 -0.4928 -0.5306 -0.5054 -0.4802 -0.3669 -0.2661 -0.1654 -0.1528 
-0.2410 0.3132 0.0739 -0.0017 -0.0269 -0.0269 -0.0520 -0.0520 -0.0520 -0.0898 -0.0898 -0.0646 -0.0646 -0.1150 -0.3543 -0.4047 -0.4299 -0.2535 -0.3291 -0.5684 -0.5306 -0.4677 -0.5306 -0.6440 -0.7195 -0.6440 -0.5432 -0.4677 -0.4173 -0.3669 -0.2661 -0.1276 
-0.8455 -0.8077 -0.8077 -0.7699 -0.7069 -0.6566 -0.6566 -0.6188 -0.5432 -0.4425 -0.3795 -0.2913 -0.2158 -0.2284 -0.2787 -0.2661 -0.2284 -0.2661 -0.3417 -0.4425 -0.5684 -0.6692 -0.7195 -0.7825 -0.7573 -0.6818 -0.6818 -0.7069 -0.6314 -0.4425 -0.2410 -0.0646 
-1.6263 -1.8027 -1.7397 -1.6137 -1.6137 -1.6263 -1.6263 -1.5634 -1.4878 -1.3996 -1.2989 -1.1981 -1.0722 -0.9966 -0.9714 -0.9462 -0.8455 -0.8329 -0.9210 -1.0344 -1.0974 -1.0848 -1.0722 -1.0722 -1.0470 -0.9588 -0.8203 -0.6818 -0.5180 -0.3795 -0.2284 -0.1024 
-1.3619 -1.7397 -1.7775 -1.3870 -1.3744 -1.6263 -1.8027 -1.8404 -1.8908 -1.9160 -1.9160 -1.8908 -1.7775 -1.7145 -1.7019 -1.6515 -1.5760 -1.4626 -1.5256 -1.5508 -1.4626 -1.3870 -1.3115 -1.2107 -1.0596 -0.8077 -0.4928 -0.3921 -0.4928 -0.3921 -0.1906 0.0739 
-1.4248 -1.6011 -1.7019 -1.4248 -0.9210 -1.0596 -1.3115 -1.5508 -1.7523 -1.8782 -1.9160 -1.9412 -1.7271 -1.1352 -1.3115 -1.4878 -1.5634 -1.5634 -1.5634 -1.5004 -1.3996 -1.2485 -1.0470 -0.7195 -0.3795 -0.2913 -0.4299 -0.6188 -0.5432 -0.2535 -0.0269 0.3132 
-1.7523 -1.8152 -1.8152 -1.7901 -1.3870 -1.2863 -1.3996 -1.5256 -1.7145 -1.8908 -1.9160 -1.9286 -1.8404 -0.4677 0.0487 -0.3291 -0.5306 -0.6188 -0.6440 -0.6188 -0.5936 -0.4928 -0.3543 -0.3543 -0.6062 -0.8581 -0.7573 -0.4802 -0.3039 -0.0898 0.2250 0.5021 
-1.4374 -1.8152 -1.9034 -1.8908 -1.8656 -1.7901 -1.7901 -1.8152 -1.8656 -1.9286 -1.9286 -1.9160 -1.9412 -1.2107 -0.3291 -0.3039 -0.3417 -0.3921 -0.4425 -0.5180 -0.5558 -0.7321 -0.9966 -1.1100 -1.0470 -0.7699 -0.4551 -0.2787 -0.1654 0.0991 0.3510 0.5399 
-0.9714 -1.5760 -1.9286 -1.9286 -1.9286 -1.9160 -1.9034 -1.9160 -1.9286 -1.9412 -1.9412 -1.9412 -1.9286 -1.7901 -1.3744 -1.3493 -1.3619 -1.3367 -1.3115 -1.3241 -1.4122 -1.4626 -1.3367 -0.9714 -0.5558 -0.3543 -0.3291 -0.2410 -0.0143 0.2754 0.4140 0.5525 
-0.7573 -1.2863 -1.9286 -1.9286 -1.9412 -1.9286 -1.9286 -1.9412 -1.9412 -1.9412 -1.9412 -1.9412 -1.9160 -1.9034 -1.6263 -1.5382 -1.6263 -1.6263 -1.6263 -1.5760 -1.4248 -1.1100 -0.7825 -0.5180 -0.3795 -0.3543 -0.3417 -0.1906 0.0361 0.3132 0.4643 0.5903 
-0.6566 -1.1855 -1.8530 -1.9160 -1.9160 -1.9034 -1.9034 -1.9160 -1.9286 -1.9412 -1.9412 -1.9286 -1.9034 -1.9286 -1.7019 -1.5508 -1.7271 -1.7775 -1.6011 -1.2107 -0.8077 -0.4928 -0.3543 -0.3795 -0.3921 -0.3039 -0.2410 -0.1150 0.0613 0.2754 0.4769 0.6029 
-0.6944 -1.2989 -1.6515 -1.7901 -1.8152 -1.8027 -1.8152 -1.8530 -1.8908 -1.8908 -1.8908 -1.9034 -1.8656 -1.8782 -1.7775 -1.6767 -1.6011 -1.3115 -0.9714 -0.7069 -0.5180 -0.3543 -0.3543 -0.3669 -0.3291 -0.2032 -0.0772 -0.0017 0.1747 0.3762 0.5399 0.6029 
-0.7321 -1.2233 -1.3870 -1.5004 -1.5634 -1.5885 -1.6137 -1.6515 -1.6767 -1.6767 -1.6641 -1.6515 -1.6011 -1.5508 -1.4374 -1.2485 -1.0596 -0.8329 -0.6566 -0.5306 -0.4173 -0.4047 -0.4047 -0.3417 -0.2661 -0.1906 -0.0646 0.0739 0.2250 0.4391 0.5777 0.6029 
-0.6692 -0.9966 -1.0974 -1.1729 -1.2359 -1.2737 -1.2737 -1.2485 -1.2485 -1.2359 -1.2107 -1.1603 -1.0974 -1.0470 -0.8833 -0.7321 -0.6440 -0.5684 -0.4802 -0.4173 -0.3417 -0.3795 -0.3669 -0.2913 -0.2284 -0.1150 -0.0269 0.0991 0.2124 0.3636 0.5147 0.5777 

Канал 2:
0.9545 0.9032 0.9160 0.9160 0.9160 0.9160 0.9160 0.9160 0.9160 0.9160 0.9289 0.9289 0.9289 0.9289 0.9289 0.9289 0.9289 0.9289 0.9289 0.9160 0.9417 0.9417 0.9160 0.8904 0.9032 0.9289 0.9160 0.9160 0.9160 0.9289 0.9289 0.9160 
0.9930 0.9545 0.9545 0.9545 0.9545 0.9545 0.9545 0.9545 0.9545 0.9545 0.9673 0.9673 0.9673 0.9673 0.9673 0.9673 0.9289 0.9289 0.9417 0.9417 0.9802 0.9930 0.9802 0.9545 0.9417 0.9673 0.9545 0.9545 0.9545 0.9673 0.9673 0.9545 
0.9802 0.9417 0.9417 0.9417 0.9417 0.9417 0.9417 0.9417 0.9417 0.9417 0.9417 0.9417 0.9417 0.9417 0.9545 0.9417 0.9032 0.9032 0.9417 0.9673 0.9289 0.9930 0.9545 0.9417 0.9417 0.9417 0.9417 0.9417 0.9417 0.9545 0.9545 0.9417 
0.9930 0.9545 0.9545 0.9545 0.9545 0.9545 0.9545 0.9545 0.9417 0.9417 0.9417 0.9417 0.9417 0.9417 0.9545 0.9417 0.8904 0.9032 0.9160 0.9032 0.4672 0.7493 0.6724 0.8904 0.9545 0.9417 0.9417 0.9417 0.9417 0.9545 0.9545 0.9545 
0.9802 0.9417 0.9545 0.9545 0.9545 0.9545 0.9545 0.9545 0.9417 0.9417 0.9545 0.9545 0.9417 0.9417 0.9545 0.9545 0.9673 0.9802 0.8904 0.7493 0.2364 0.6083 0.7750 0.9160 0.9802 0.9545 0.9545 0.9545 0.9673 0.9673 0.9673 0.9673 
0.9930 0.9545 0.9545 0.9545 0.9545 0.9545 0.9545 0.9545 0.9417 0.9545 0.9673 0.9673 0.9673 0.9417 0.9802 0.9160 0.7365 0.6339 0.5955 0.5057 0.3646 0.5313 0.7622 0.9160 0.9802 0.9545 0.9545 0.9545 0.9673 0.9802 0.9802 0.9802 
0.8776 0.8648 0.9032 0.8904 0.9289 0.9673 0.9545 0.9545 0.9673 0.9673 0.9802 0.9930 0.8904 0.8776 0.9930 0.8648 0.5570 0.3775 0.3903 0.3775 0.2108 0.1338 0.2108 0.6468 1.0058 0.9417 0.9289 0.9545 0.9673 0.9802 0.9802 0.9930 
0.7878 0.9289 0.9930 0.9417 0.9417 0.9673 0.9545 0.9673 0.9930 0.9930 0.9802 1.0058 0.5442 0.7750 0.9545 0.7365 0.6339 0.6339 0.6468 0.5442 0.4544 0.3390 0.3133 0.5570 1.0186 0.9930 0.9802 0.9930 0.9930 0.9930 0.9930 0.9930 
1.0315 1.0571 1.0956 1.0571 1.0186 0.9802 0.9545 0.9545 0.9802 0.9802 0.9802 1.0058 0.4544 0.7365 0.9032 0.8776 0.7237 0.7878 0.9545 0.8519 0.9417 0.9545 1.0186 1.0315 1.0571 1.0186 1.0186 1.0186 1.0058 1.0058 1.0058 0.9930 
-0.1483 -0.1611 -0.0970 0.0056 0.3903 0.9289 0.9289 0.9160 0.9417 0.9545 0.9673 0.9545 0.6852 0.8391 0.9160 0.9673 0.9160 0.9545 1.0315 1.0058 1.1084 1.0571 0.8391 0.6468 0.4416 0.3262 0.3133 0.5185 0.9545 1.0058 1.0058 1.0058 
-0.2509 -0.3535 -0.3022 -0.3022 0.0569 0.9032 0.8263 0.8135 0.9289 0.9417 0.9417 0.9545 0.9545 0.9673 0.9930 0.9673 0.9930 1.0186 1.0315 0.9930 0.6724 0.3903 0.1466 0.0312 -0.0201 -0.0970 -0.2252 0.0697 0.8776 1.0058 0.9930 1.0058 
0.8135 0.6980 0.8135 0.8006 0.8519 0.9032 0.6468 0.5826 0.6852 0.7878 0.8263 0.7493 0.8006 0.8263 0.8904 0.9289 0.9802 1.0058 1.0315 0.9802 0.6083 0.5442 0.5955 0.5313 0.6468 0.4544 0.0441 0.5313 0.9289 0.9930 1.0058 1.0058 
0.7878 0.7237 0.8135 0.9417 1.0315 0.8519 0.6083 0.1723 0.2877 0.6852 0.3518 -0.5074 -0.4432 -0.3663 -0.2765 -0.1739 0.0056 0.1723 0.7622 0.9802 0.9545 0.9930 1.0186 0.9289 0.9802 0.8776 0.6596 0.9802 0.9417 0.9289 1.0443 1.0443 
-0.1098 -0.1739 -0.2509 -0.1226 0.0569 0.4159 0.5698 0.5570 0.8391 0.9417 0.2877 -0.8792 -0.8921 -0.8921 -0.9049 -0.8023 -0.4048 0.2364 0.9289 1.0315 1.0315 0.9802 0.9289 0.7237 0.6596 0.7622 0.8006 0.6852 0.4544 0.5698 0.8519 0.9417 
-0.6741 -0.5971 -0.7766 -0.7510 -0.0714 0.0441 0.0441 0.5955 0.9417 0.8648 0.3775 -0.2894 -0.3791 -0.3278 0.0953 0.5955 0.8006 0.9160 0.8519 0.6596 0.4416 0.1723 0.0312 -0.1739 -0.2637 -0.2124 -0.1098 -0.1226 -0.1739 -0.0072 0.5442 0.7109 
-1.0716 -0.8536 -0.5715 -0.0970 -0.0585 -0.6484 -0.5458 0.0056 0.2749 0.4672 0.4800 0.5057 0.5313 0.7237 0.9673 0.7237 0.3262 0.1466 -0.0201 -0.1483 -0.2894 -0.4817 -0.5458 -0.4817 -0.4176 -0.3919 -0.1996 0.0056 0.1723 0.3005 0.6724 0.6083 
-1.6102 -1.4563 -0.1226 0.7622 -0.1355 -0.4817 -0.3406 0.0184 0.2492 0.6468 0.8263 0.9289 0.9160 1.0186 0.9930 0.3775 0.0312 0.0184 0.1210 0.2108 0.3390 0.2749 0.2749 0.3390 0.3646 0.3903 0.5570 0.7237 0.7365 0.6083 0.4159 0.2877 
-1.7512 -1.0459 0.7237 1.0058 0.6596 0.6468 0.7365 0.8776 0.9802 1.0956 1.0827 1.0058 0.7622 1.0058 1.0315 0.9417 0.8648 0.6852 0.8904 0.8776 0.9032 0.9417 0.9160 0.8135 0.6596 0.6211 0.4672 0.2364 0.1082 0.0056 -0.0329 0.0569 
-1.1485 0.2364 0.7878 0.7109 0.7237 0.8776 0.8904 0.8519 0.8519 0.8648 0.8648 0.7750 0.5955 0.6980 0.4159 0.3518 0.3005 0.4416 0.3262 -0.0585 0.0056 0.2492 0.1595 -0.0329 -0.2894 -0.3278 -0.3535 -0.3791 -0.2637 -0.1226 -0.0329 -0.0585 
0.0056 0.5955 0.4288 0.3646 0.3390 0.3775 0.4031 0.4159 0.4031 0.3775 0.3646 0.3646 0.3518 0.3262 0.0312 -0.0842 -0.0842 0.1210 0.0312 -0.1996 -0.1611 -0.0970 -0.2124 -0.3150 -0.3919 -0.3406 -0.2765 -0.2509 -0.2124 -0.1868 -0.1611 -0.0585 
-0.6612 -0.6099 -0.4945 -0.4304 -0.3406 -0.2381 -0.1739 -0.1355 -0.1098 -0.0072 0.0569 0.1466 0.2621 0.3262 0.2492 0.1851 0.1466 0.0953 0.0312 -0.0714 -0.1611 -0.2765 -0.3663 -0.4304 -0.4048 -0.3535 -0.4048 -0.4945 -0.4432 -0.2894 -0.1868 -0.0585 
-1.5332 -1.7384 -1.6102 -1.4435 -1.3922 -1.3409 -1.3152 -1.2768 -1.2639 -1.1613 -1.0716 -0.9433 -0.6997 -0.5074 -0.4432 -0.4432 -0.4304 -0.4432 -0.5202 -0.6228 -0.6997 -0.7253 -0.7382 -0.7510 -0.7125 -0.6484 -0.5843 -0.5330 -0.4176 -0.3150 -0.2509 -0.1483 
-1.3537 -1.8025 -1.8153 -1.3793 -1.3152 -1.5332 -1.6743 -1.7512 -1.8410 -1.8666 -1.8666 -1.8025 -1.5204 -1.3409 -1.2896 -1.2639 -1.1485 -1.0203 -1.0716 -1.0844 -1.0588 -1.0459 -0.9946 -0.9049 -0.7638 -0.5458 -0.2894 -0.2894 -0.4561 -0.4176 -0.3022 -0.0329 
-1.4819 -1.7256 -1.8282 -1.5332 -0.9818 -1.0844 -1.3280 -1.5845 -1.7897 -1.9179 -1.9692 -1.9692 -1.6102 -0.8921 -1.0588 -1.2639 -1.2896 -1.2639 -1.2511 -1.1742 -1.1100 -0.9946 -0.7895 -0.4817 -0.1868 -0.1483 -0.3278 -0.5971 -0.5715 -0.3535 -0.1868 0.1851 
-1.8410 -1.9436 -1.9564 -1.9179 -1.4691 -1.3280 -1.4563 -1.6102 -1.8025 -1.9692 -2.0077 -2.0205 -1.8666 -0.3406 0.2364 -0.1611 -0.3791 -0.4561 -0.4689 -0.4304 -0.4432 -0.3535 -0.2124 -0.2509 -0.5715 -0.8921 -0.8151 -0.5715 -0.4048 -0.2124 0.0569 0.3775 
-1.6102 -1.9692 -2.0205 -2.0077 -1.9692 -1.8410 -1.8410 -1.9051 -1.9692 -2.0205 -2.0333 -2.0205 -2.0333 -1.2383 -0.1868 -0.1611 -0.2124 -0.2509 -0.3022 -0.4048 -0.4945 -0.6997 -0.9946 -1.1742 -1.1613 -0.9305 -0.6099 -0.4432 -0.3278 -0.0329 0.1979 0.4288 
-1.2383 -1.7897 -2.0462 -2.0333 -2.0590 -1.9949 -1.9436 -1.9949 -2.0333 -2.0590 -2.0590 -2.0462 -2.0462 -1.9179 -1.3024 -1.1870 -1.1998 -1.1742 -1.1998 -1.3024 -1.4306 -1.5204 -1.4691 -1.1485 -0.7510 -0.5715 -0.5202 -0.4176 -0.1739 0.1338 0.2877 0.4544 
-1.0075 -1.5076 -2.0462 -2.0333 -2.0590 -2.0333 -1.9949 -2.0333 -2.0590 -2.0590 -2.0590 -2.0590 -2.0590 -2.0333 -1.5717 -1.3665 -1.4691 -1.5076 -1.5973 -1.6230 -1.5589 -1.3409 -1.0075 -0.7125 -0.5843 -0.5843 -0.5458 -0.3791 -0.1355 0.1723 0.3390 0.4929 
-0.8664 -1.4178 -2.0205 -2.0462 -2.0590 -2.0462 -2.0205 -2.0333 -2.0462 -2.0590 -2.0590 -2.0462 -2.0333 -2.0590 -1.6999 -1.4563 -1.7640 -1.9051 -1.7769 -1.3537 -1.0203 -0.7895 -0.6356 -0.6228 -0.6099 -0.5330 -0.4432 -0.3022 -0.1226 0.1338 0.3518 0.5185 
-0.9177 -1.5845 -1.9179 -2.0077 -2.0333 -2.0077 -2.0077 -2.0333 -2.0462 -2.0462 -2.0462 -2.0333 -1.9820 -2.0333 -1.8923 -1.7512 -1.7384 -1.5332 -1.2639 -1.0075 -0.7638 -0.6099 -0.6228 -0.6356 -0.5843 -0.4432 -0.3022 -0.1996 0.0056 0.2364 0.4159 0.5185 
-1.0075 -1.5973 -1.7769 -1.8410 -1.8666 -1.8666 -1.8923 -1.9051 -1.9051 -1.8923 -1.8795 -1.8666 -1.8025 -1.7897 -1.7127 -1.4819 -1.1998 -1.0203 -0.9690 -0.9305 -0.7125 -0.6484 -0.6869 -0.6228 -0.5330 -0.4304 -0.2894 -0.1226 0.0441 0.2877 0.4544 0.5057 
-0.9946 -1.4435 -1.5717 -1.5845 -1.6102 -1.6358 -1.6230 -1.5717 -1.5460 -1.5332 -1.4948 -1.4691 -1.4819 -1.4435 -1.3024 -1.1100 -0.9946 -0.8792 -0.8151 -0.8151 -0.6869 -0.6997 -0.6741 -0.5586 -0.4817 -0.3535 -0.2509 -0.0970 0.0312 0.2236 0.3903 0.4929 
