Размер изображения: 32x32x3
Предсказанный класс: автомобиль

Пиксели изображения:

Канал 0:
1.2147 1.1070 1.0302 0.9379 1.2300 1.1685 1.0609 0.7842 0.7534 0.5536 0.4306 0.4767 0.1846 0.2461 0.0308 0.0770 0.4459 0.8149 1.2454 1.3069 1.2454 1.1839 1.3530 1.3377 1.2454 0.7996 0.5689 0.7534 0.9533 0.4921 0.3537 0.3691 
1.2915 1.2762 1.2608 1.1839 1.1993 1.3377 1.1224 0.6304 0.6458 0.8303 0.7996 0.7688 0.9379 1.0455 1.0917 1.2454 1.3992 1.4914 1.5068 1.5068 1.4607 1.3530 1.3377 1.3992 1.4299 1.1378 1.0763 1.0302 1.1993 0.6919 0.7381 0.9533 
1.4760 1.4607 1.4299 1.4453 1.4607 1.5529 1.2147 0.5382 0.3998 0.6458 0.5382 0.6919 0.7996 0.7688 1.1378 1.3223 1.2300 1.4914 1.3684 1.3377 1.3992 1.3069 1.1685 1.3377 1.4760 1.4453 1.4145 1.1993 1.0917 0.9840 1.0763 1.1224 
1.6451 1.6298 1.6298 1.5990 1.6298 1.6144 1.3838 0.3076 0.1231 0.2922 -0.1075 0.3229 0.1077 -0.0307 0.3691 0.3229 0.4767 0.9994 0.8764 1.1224 1.0917 0.9994 1.0763 1.3530 1.4145 1.4607 1.3838 1.1532 0.9379 1.2454 1.3223 1.1378 
1.6451 1.6144 1.6298 1.6298 1.6451 1.5837 1.0609 -0.3228 -0.5995 -0.4611 -0.7533 -0.4765 -0.5841 -0.7225 -0.5841 -0.7071 -0.5534 -0.2152 -0.2152 0.1692 0.6766 0.7227 0.9840 1.4607 1.3377 1.3530 1.3684 1.0302 0.8611 1.1532 1.3530 1.2915 
1.6451 1.6298 1.6298 1.6144 1.6451 1.5222 1.1993 -0.1844 -1.0146 -0.7379 -0.7225 -0.5534 -0.5688 -0.5380 -0.4765 -0.5995 -0.7533 -0.7533 -0.7225 -0.6918 -0.1844 0.7996 1.1993 1.4914 1.4299 1.3069 1.1993 0.8918 0.5536 0.7842 1.2147 1.5068 
1.6451 1.6144 1.6144 1.6298 1.5837 1.2454 1.2147 0.3076 -0.8916 -0.3689 -0.0922 0.2000 0.0308 -0.0922 0.0770 0.0001 -0.1229 -0.2459 -0.3689 -0.2767 -0.4304 0.2615 1.2762 1.4607 1.4914 1.3223 0.9226 0.8303 0.4459 0.5074 1.0148 1.4914 
1.6298 1.6144 1.6144 1.6605 1.3684 0.9379 1.1839 0.2307 -0.8763 0.1231 0.7534 0.9840 1.0609 0.3076 -0.1075 -0.1075 -0.1383 0.0462 -0.1075 -0.0922 0.3229 -0.0922 0.3229 1.1839 1.3992 1.1839 1.1378 1.0917 0.9072 0.5074 0.6151 1.2762 
1.6298 1.6144 1.6298 1.6451 1.3684 1.0455 1.2300 -0.1229 -0.8763 -0.1229 -0.1537 -0.1383 0.7073 0.1077 -0.3382 -0.1998 -0.2152 -0.0153 0.0616 -0.1998 0.2307 0.1385 0.0923 0.9226 1.1685 1.2454 1.4607 1.2608 0.7073 0.3998 0.4767 0.9687 
1.6144 1.6144 1.6298 1.5990 1.3838 0.7996 0.4613 -0.4304 -0.8455 -0.0614 -0.2920 -0.4304 0.0770 -0.1537 -0.3535 -0.2767 -0.1998 -0.1075 0.1231 -0.1998 0.1692 0.2615 0.0308 0.8918 1.4607 1.5683 1.5683 1.4607 0.9533 0.9533 1.1839 1.2608 
1.5529 1.5837 1.6298 1.6451 1.2608 -0.0768 -0.1229 -0.6610 -0.9224 -0.3382 -0.3382 -0.4611 -0.4458 -0.4765 -0.4458 -0.4611 -0.3535 -0.2767 -0.2767 -0.3535 -0.0307 0.1846 0.0770 0.4459 1.0763 1.3838 1.6451 1.6144 1.6298 1.6451 1.6451 1.6298 
1.2915 1.4607 1.5990 1.6298 1.1993 0.4767 0.4152 -0.7533 -1.1837 -1.0915 -0.7225 -0.5841 -0.6610 -0.6610 -0.6149 -0.6456 -0.6456 -0.6610 -0.7379 -0.6303 -0.5073 -0.2613 -0.1383 -0.1844 0.2615 1.1993 1.6913 1.6144 1.6298 1.6298 1.6298 1.6298 
1.0763 1.3069 1.5068 1.3684 0.8149 0.6919 0.6612 -0.5841 -1.2760 -1.2606 -0.7686 -0.5688 -0.4150 -0.5995 -0.7994 -0.8301 -0.8609 -0.8301 -0.6918 -0.3843 -0.4458 -0.6149 -0.3996 -0.1383 0.5536 1.3530 1.6451 1.6298 1.6298 1.6298 1.6298 1.6298 
0.9533 1.0148 1.2454 0.8764 0.4921 0.2461 0.2768 -0.5534 -0.5226 -0.5995 -0.4611 -0.5534 -0.3535 -0.3228 -0.6764 -0.8148 -0.7379 -0.4919 -0.2459 0.0308 -0.1537 -0.5226 -0.4611 -0.2152 0.1846 0.6304 0.8764 1.1378 1.5529 1.6451 1.6298 1.6298 
0.9533 1.1070 1.0609 0.4767 0.3998 0.1538 0.1385 0.0001 -0.1383 -0.7071 -0.4919 -0.6918 -0.7533 -0.6918 -0.8301 -0.9378 -0.9531 -0.8763 -0.8763 -0.8763 -0.9070 -0.9839 -0.9685 -0.8609 -0.5688 -0.2305 0.0308 0.0770 0.8149 1.6298 1.6298 1.6298 
1.1070 1.3530 0.8918 -0.2920 -0.3996 0.1846 0.7381 0.8303 -0.4611 -0.9378 -0.9378 -1.2760 -1.4297 -1.3990 -1.1991 -1.1530 -1.2145 -1.1530 -1.2145 -1.2914 -1.3682 -1.3529 -1.1837 -1.1376 -1.0300 -0.9685 -0.7225 -0.5380 -0.0460 1.3377 1.6605 1.6298 
0.9379 0.8457 0.6458 -0.6456 -0.6918 0.1077 0.8303 0.3537 -0.7994 -0.9993 -0.7071 -0.6149 -0.5226 -0.9070 -0.9070 -1.0300 -1.5527 -1.6911 -1.6604 -1.7065 -1.3221 -1.3529 -1.7833 -1.6911 -1.7526 -1.3067 -0.7225 -0.5226 -0.1537 1.0455 1.6759 1.6144 
1.1224 0.9379 0.8611 -0.3843 -0.2767 0.2922 0.3229 -1.0300 -1.0761 -0.7379 -0.3382 -0.2152 0.1692 -0.2613 -0.1537 -0.5534 -0.9224 -0.6149 -0.3996 -0.5841 0.1538 0.1385 -0.7071 -0.5995 -0.6764 -0.4611 -0.0460 0.0616 0.2768 0.6919 1.5990 1.6451 
1.2608 0.9840 0.6919 -0.5534 -0.4304 0.4152 -0.0922 -1.6604 -1.2452 -0.6149 -0.4765 -0.8455 -0.8609 -0.5688 -0.1383 -0.5841 0.2307 0.5536 0.3076 0.3229 0.5228 0.4613 0.3691 0.3844 0.3383 0.5689 0.2768 -0.2920 -0.3689 -0.0460 1.3838 1.6759 
1.2454 1.0609 0.7688 -0.6149 -0.8455 0.0462 -0.4150 -1.4759 -1.2299 -1.0146 -0.9531 -1.1684 -1.3067 -1.2606 -1.1376 -0.6918 0.3383 -0.2152 -0.7225 -0.5688 -0.3382 -0.4765 -0.5380 -0.5380 -0.5995 0.2615 -0.1844 -1.0915 -0.8763 -0.3074 1.2147 1.6913 
1.2147 1.1070 0.9379 -0.5688 -1.2606 -0.7686 -0.6918 -1.1991 -1.2606 -1.4144 -1.1530 -1.0454 -1.1991 -1.2914 -1.1376 -1.1222 -0.5995 -0.3689 -0.5073 -0.5380 -0.5841 -0.6456 -0.6918 -0.6303 -0.5534 -0.4150 -0.5841 -0.9993 -0.8609 -0.3689 1.1378 1.7066 
1.0917 1.0302 0.9840 -0.3228 -0.8455 -1.0454 -0.8763 -1.0761 -1.3529 -1.5835 -1.4605 -1.3375 -1.0761 -0.9378 -0.7840 -1.1530 -1.3221 -1.0300 -0.8609 -1.0146 -1.1376 -1.0915 -1.1684 -0.6918 -0.7686 -1.1991 -0.8455 -0.4611 -0.3996 -0.4611 1.0148 1.7220 
1.0302 0.9840 0.9072 -0.5226 -0.6918 -0.4150 -1.0300 -0.9993 -1.1530 -1.4912 -1.5374 -1.5989 -0.9685 -0.5995 0.0616 -0.9070 -1.6604 -0.7994 0.1385 -0.3074 -0.5995 -0.3689 -0.5534 0.2307 0.6151 -1.1530 -0.9839 0.0462 -0.2920 -0.7379 0.8764 1.6605 
0.9226 0.8611 0.7227 -0.7840 -1.3682 -0.4611 -0.6303 -0.5995 -0.6610 -1.3375 -1.5220 -1.5681 -1.5066 -1.3529 -0.7840 -1.2760 -1.6296 -0.9070 0.2000 -0.1690 -0.2459 -0.0307 -0.3382 0.2768 0.3229 -1.2760 -1.3067 -0.9839 -1.1684 -0.9224 0.8611 1.5683 
0.6766 0.6458 0.4767 -0.9378 -1.5527 -1.2145 -0.4611 0.0923 -0.4919 -1.1991 -1.4605 -1.6296 -1.6757 -1.6911 -1.6604 -1.6142 -1.5220 -1.4759 -1.2299 -0.7686 -0.4919 -0.2613 -0.2459 -0.3228 -1.0915 -1.3990 -1.3375 -1.3529 -1.3375 -0.8916 0.7381 1.3377 
0.4613 0.4152 0.3998 -0.1998 -0.7225 -0.6456 -0.4150 0.0462 -0.6456 -0.9839 -1.2760 -1.5681 -1.6604 -1.6604 -1.6757 -1.6450 -1.5835 -1.7526 -1.1376 0.5536 1.0302 0.9994 0.6304 0.6612 -0.7840 -1.5374 -1.4605 -1.3836 -1.1069 -0.7225 0.5536 1.1224 
0.3691 0.3844 0.5689 0.6458 0.2153 -0.3074 -0.4611 0.0462 -0.7225 -0.8455 -0.9224 -1.3836 -1.7372 -1.7526 -1.7372 -1.6757 -1.5220 -1.5374 -1.0300 0.3998 0.7073 0.5997 0.4767 0.4306 -0.8763 -1.6604 -1.6604 -1.3682 -0.9224 -0.6610 0.4767 1.0455 
0.2461 0.5228 0.6304 0.4306 0.1231 -0.3228 -0.5380 0.1231 -0.7840 -0.8148 -0.8609 -1.2914 -1.6296 -1.6604 -1.6142 -1.5527 -1.2914 -0.9378 -0.7994 -0.5688 -0.4765 -0.2613 0.0616 -0.0153 -1.1991 -1.6604 -1.6142 -1.2914 -0.9224 -0.7225 0.4152 0.9379 
0.4306 0.4767 0.3076 0.1538 0.0770 -0.0768 -0.5380 -0.3843 -0.9070 -0.8763 -0.9685 -1.1991 -1.4759 -1.5220 -1.4759 -1.4451 -1.3836 -1.2914 -1.1222 -0.9378 -0.7379 -0.4304 -0.1075 0.0155 -1.3067 -1.6757 -1.5374 -1.2914 -1.0454 -0.7225 0.4767 0.8918 
0.3691 0.2000 0.1385 0.0462 -0.0153 -0.0768 -0.4765 -0.9224 -1.0146 -0.9224 -1.0454 -1.1991 -1.3529 -1.4759 -1.4144 -1.3836 -1.3682 -1.3375 -1.2145 -1.1069 -0.9531 -0.7533 -0.5688 -0.3843 -1.0607 -1.6757 -1.5835 -1.3221 -1.1530 -0.6149 0.5536 0.7381 
0.1538 0.0462 0.0616 0.0308 0.0770 0.0308 -0.4919 -1.1991 -1.1069 -0.9839 -1.1069 -1.2760 -1.2452 -1.3221 -1.2914 -1.2299 -1.2299 -1.2299 -1.1222 -1.0454 -0.9993 -0.8916 -0.7840 -0.6918 -0.9378 -1.5527 -1.5374 -1.2760 -0.9839 -0.1075 0.6304 0.6458 
0.0923 0.1692 0.3383 0.3691 0.3076 0.1231 -0.1844 -1.1837 -1.2452 -1.2452 -1.2299 -1.0915 -1.0454 -1.0607 -0.9993 -1.0146 -1.0761 -0.9993 -0.7533 -0.6149 -0.6764 -0.6303 -0.5995 -0.6303 -0.8609 -1.0607 -1.1376 -1.0300 -0.2920 0.3998 0.6766 0.7381 

Канал 1:
1.2046 1.0979 1.0979 1.0064 1.2046 1.1131 1.0064 0.7473 0.7320 0.4881 0.2442 0.3662 0.3204 0.4729 0.2747 0.3204 0.6863 1.0217 1.3570 1.3570 1.3113 1.2656 1.4180 1.4028 1.2961 0.9302 0.7320 0.9150 1.0979 0.7320 0.6101 0.4424 
1.3723 1.3418 1.3570 1.2351 1.1741 1.2961 1.0369 0.5339 0.6711 0.8083 0.6406 0.6253 0.9150 1.0522 1.0979 1.3418 1.5247 1.5857 1.6162 1.6314 1.5552 1.4180 1.4028 1.4485 1.4485 1.1894 1.1589 1.1284 1.3113 0.8235 0.8387 0.9302 
1.5095 1.4942 1.4942 1.5095 1.4942 1.5705 1.1894 0.4576 0.4576 0.6253 0.4881 0.6253 0.7320 0.7168 1.0674 1.3266 1.2808 1.5247 1.3875 1.4638 1.5095 1.4028 1.2351 1.3418 1.4790 1.4790 1.4333 1.2961 1.2351 1.0674 1.1131 1.1284 
1.6619 1.6467 1.6467 1.6314 1.6467 1.6467 1.3875 0.2595 0.1528 0.2899 -0.0912 0.3509 0.1223 0.0308 0.3967 0.3662 0.5491 1.0522 0.8845 1.2808 1.3113 1.1436 1.1436 1.3418 1.4333 1.4790 1.4180 1.2656 1.0827 1.3266 1.3723 1.1589 
1.6619 1.6467 1.6467 1.6467 1.6619 1.5857 1.0522 -0.3656 -0.5790 -0.4113 -0.6857 -0.4113 -0.5332 -0.6704 -0.5485 -0.6704 -0.4875 -0.1674 -0.1826 0.2747 0.8845 0.8845 0.9912 1.3875 1.2808 1.3113 1.3875 1.1436 1.0217 1.2808 1.4638 1.3570 
1.6619 1.6467 1.6467 1.6314 1.6772 1.5095 1.1589 -0.1979 -0.9906 -0.6552 -0.6247 -0.4723 -0.5028 -0.4570 -0.3960 -0.5180 -0.6857 -0.7162 -0.6857 -0.6552 -0.1064 0.9302 1.2351 1.4333 1.2961 1.2503 1.1894 0.9455 0.6711 0.9302 1.3723 1.5400 
1.6619 1.6314 1.6314 1.6467 1.5857 1.1894 1.1741 0.3052 -0.8686 -0.2588 0.0156 0.2747 0.1223 0.0460 0.2899 0.2137 0.0918 -0.1216 -0.2284 -0.1521 -0.3351 0.3662 1.3570 1.4790 1.4790 1.2503 0.8540 0.7625 0.4424 0.6101 1.1589 1.5247 
1.6467 1.6314 1.6314 1.6924 1.3723 0.8692 1.1436 0.2137 -0.8381 0.2442 0.7930 0.9759 1.0522 0.4424 0.0765 0.1223 0.0918 0.2137 0.0765 0.1070 0.4729 0.0613 0.4119 1.1894 1.3418 1.1131 1.1436 1.1284 0.9607 0.5796 0.5948 1.2808 
1.6467 1.6314 1.6467 1.6619 1.3570 1.0064 1.2199 -0.1369 -0.8381 -0.0302 -0.0607 -0.0149 0.7473 0.2290 -0.1826 -0.0149 -0.0302 0.1375 0.2137 0.0003 0.4271 0.3357 0.0918 0.8540 1.0827 1.2199 1.4485 1.2046 0.6253 0.3357 0.3052 0.9150 
1.6162 1.6162 1.6467 1.6162 1.3875 0.8083 0.4881 -0.3960 -0.8076 0.0613 -0.1216 -0.2741 0.1680 -0.0149 -0.1826 -0.1064 -0.0454 0.0460 0.2290 -0.0302 0.3357 0.4271 0.1375 0.8692 1.4180 1.5705 1.5705 1.4333 0.8692 0.8235 1.0369 1.2046 
1.4638 1.5705 1.6314 1.6467 1.2503 -0.1064 -0.1216 -0.6400 -0.8686 -0.2131 -0.2131 -0.3656 -0.3503 -0.3656 -0.3198 -0.3198 -0.1826 -0.1216 -0.1369 -0.1521 0.1223 0.3357 0.2595 0.5186 1.0674 1.3875 1.6772 1.6467 1.6314 1.6314 1.6619 1.6467 
1.0522 1.3875 1.6162 1.6162 1.1436 0.3814 0.3509 -0.7314 -1.1583 -1.0211 -0.6400 -0.5180 -0.5790 -0.5942 -0.5028 -0.5180 -0.4875 -0.5485 -0.6247 -0.5028 -0.3503 -0.1369 0.0156 -0.1216 0.2595 1.2046 1.7077 1.6314 1.6467 1.6467 1.6467 1.6467 
0.7930 1.1741 1.4028 1.2808 0.6711 0.5186 0.5643 -0.5637 -1.2345 -1.2040 -0.7009 -0.5180 -0.3351 -0.5028 -0.7314 -0.7771 -0.7771 -0.7771 -0.6552 -0.3198 -0.3656 -0.5332 -0.2741 -0.0302 0.6101 1.3570 1.6619 1.6467 1.6467 1.6467 1.6467 1.6467 
0.7320 0.7930 1.0064 0.6863 0.2442 -0.0302 0.0765 -0.5637 -0.5028 -0.5180 -0.3808 -0.5028 -0.2741 -0.2436 -0.6095 -0.7619 -0.6704 -0.4418 -0.1674 0.1528 -0.0607 -0.4570 -0.3960 -0.1369 0.2442 0.6558 0.8997 1.1284 1.5552 1.6619 1.6467 1.6467 
0.7015 0.8845 0.8083 0.2442 0.1528 -0.1979 -0.1369 -0.1521 -0.1826 -0.6552 -0.4723 -0.6400 -0.7009 -0.6552 -0.7771 -0.8686 -0.8839 -0.8076 -0.7924 -0.7771 -0.8381 -0.9296 -0.9143 -0.8076 -0.5332 -0.2131 0.0308 0.0308 0.7930 1.6467 1.6467 1.6467 
0.8083 1.0369 0.4729 -0.5332 -0.5332 -0.1674 0.5034 0.5796 -0.5028 -0.8991 -0.8686 -1.2497 -1.4174 -1.3564 -1.1735 -1.1278 -1.1735 -1.1278 -1.2040 -1.2802 -1.3564 -1.3412 -1.1430 -1.0973 -1.0058 -0.9448 -0.7009 -0.5942 -0.1216 1.3266 1.6772 1.6467 
0.5796 0.4271 0.2290 -0.7924 -0.8229 -0.1826 0.5491 0.1528 -0.8076 -0.9601 -0.7467 -0.7009 -0.5485 -0.9296 -0.9143 -1.0363 -1.5699 -1.7223 -1.6766 -1.7223 -1.3412 -1.3564 -1.7680 -1.6918 -1.7528 -1.3107 -0.7619 -0.5485 -0.2436 1.0064 1.6924 1.6314 
0.8540 0.6711 0.6558 -0.4875 -0.4875 -0.0149 0.0918 -1.0973 -1.0820 -0.7467 -0.4265 -0.2436 0.1985 -0.2741 -0.1674 -0.5790 -1.0058 -0.7162 -0.4570 -0.6095 0.1223 0.1223 -0.7162 -0.6095 -0.7009 -0.5028 -0.0912 0.0460 0.2290 0.6406 1.6010 1.6467 
1.1131 0.8083 0.5339 -0.6400 -0.5790 0.1528 -0.2741 -1.6461 -1.2497 -0.6247 -0.5028 -0.8686 -0.8076 -0.5485 -0.1216 -0.6247 0.1528 0.5186 0.2899 0.3357 0.5339 0.4881 0.3662 0.3814 0.3357 0.5491 0.2899 -0.2588 -0.3808 -0.1216 1.3723 1.6924 
1.0979 0.8692 0.6101 -0.6857 -0.9143 -0.1369 -0.5485 -1.4631 -1.2650 -1.0363 -0.9601 -1.2040 -1.3107 -1.2650 -1.1430 -0.7162 0.3052 -0.2588 -0.7467 -0.5790 -0.3503 -0.4875 -0.5637 -0.5485 -0.6095 0.2442 -0.2131 -1.1125 -0.8991 -0.3656 1.1894 1.7077 
1.0064 0.8997 0.8235 -0.6247 -1.2955 -0.8839 -0.8076 -1.2192 -1.2955 -1.4784 -1.1583 -1.0363 -1.2040 -1.2955 -1.1735 -1.1430 -0.6247 -0.3960 -0.5180 -0.5332 -0.5637 -0.6247 -0.6704 -0.6095 -0.5485 -0.4265 -0.6095 -1.0058 -0.8686 -0.4265 1.0979 1.7229 
0.8845 0.8540 0.8540 -0.3960 -0.9143 -1.1278 -0.9601 -1.1125 -1.3717 -1.6308 -1.4631 -1.3412 -1.0820 -0.9753 -0.8076 -1.1735 -1.3412 -1.0515 -0.8991 -1.0515 -1.1583 -1.0973 -1.1735 -0.7314 -0.8229 -1.2497 -0.8839 -0.4723 -0.4418 -0.5332 0.9912 1.7229 
0.8997 0.8235 0.7778 -0.5942 -0.7771 -0.5637 -1.0820 -1.0515 -1.1887 -1.4936 -1.5394 -1.5851 -0.9753 -0.6095 0.0765 -0.9143 -1.6918 -0.8686 0.0613 -0.3503 -0.6400 -0.4113 -0.5942 0.1528 0.5339 -1.1887 -1.0211 0.0308 -0.3046 -0.8076 0.8540 1.6467 
0.8083 0.7168 0.6101 -0.8229 -1.4022 -0.5637 -0.7162 -0.6400 -0.7009 -1.3412 -1.5241 -1.5699 -1.4936 -1.3564 -0.7771 -1.2802 -1.6461 -0.9448 0.1375 -0.1979 -0.2588 -0.0302 -0.3503 0.2290 0.3052 -1.2955 -1.3107 -0.9906 -1.1735 -0.9906 0.8540 1.5552 
0.5796 0.5643 0.4119 -0.9753 -1.5546 -1.2497 -0.5332 0.0460 -0.5180 -1.1887 -1.4631 -1.6156 -1.6766 -1.6918 -1.6766 -1.6156 -1.5089 -1.4936 -1.2650 -0.7619 -0.4875 -0.2893 -0.2741 -0.3351 -1.1278 -1.4174 -1.3412 -1.3717 -1.3564 -0.9296 0.7320 1.3266 
0.3967 0.3662 0.3357 -0.2436 -0.7467 -0.7162 -0.5028 0.0003 -0.6704 -0.9753 -1.2802 -1.5546 -1.6461 -1.6613 -1.6613 -1.6308 -1.5851 -1.7528 -1.1430 0.5948 1.0827 1.0064 0.6253 0.6711 -0.7924 -1.5546 -1.4631 -1.4022 -1.1278 -0.7467 0.5339 1.1131 
0.3052 0.3052 0.4881 0.6101 0.1680 -0.3656 -0.5180 0.0003 -0.7619 -0.8381 -0.9296 -1.3869 -1.7375 -1.7375 -1.7223 -1.6766 -1.5394 -1.5546 -1.0211 0.4271 0.7473 0.6253 0.5034 0.4424 -0.8839 -1.6918 -1.6766 -1.3869 -0.9296 -0.6704 0.4729 1.0369 
0.1985 0.4729 0.5643 0.3814 0.0765 -0.3503 -0.5637 0.0918 -0.8076 -0.8076 -0.8686 -1.2955 -1.6308 -1.6461 -1.6003 -1.5546 -1.3107 -0.9753 -0.8381 -0.5942 -0.5180 -0.3046 0.0308 -0.0454 -1.2345 -1.6613 -1.6308 -1.3107 -0.9143 -0.7162 0.4271 0.9455 
0.4271 0.4576 0.2899 0.1223 0.0460 -0.0912 -0.5637 -0.4265 -0.9143 -0.8534 -0.9753 -1.2192 -1.4936 -1.5241 -1.4784 -1.4479 -1.3869 -1.2955 -1.1430 -0.9753 -0.7924 -0.5028 -0.1826 -0.0759 -1.3259 -1.6766 -1.5699 -1.3107 -1.0211 -0.7162 0.5034 0.8997 
0.3662 0.1832 0.1528 0.0765 -0.0149 -0.0912 -0.5180 -0.9601 -1.0211 -0.8991 -1.0668 -1.2192 -1.3564 -1.4631 -1.4174 -1.3869 -1.3717 -1.3412 -1.2497 -1.1430 -1.0058 -0.7924 -0.6400 -0.4570 -1.0973 -1.6766 -1.6003 -1.3412 -1.1430 -0.5790 0.5948 0.7625 
0.1680 0.0765 0.0918 0.0613 0.1070 0.0460 -0.4875 -1.2040 -1.0973 -0.9448 -1.1125 -1.2802 -1.2345 -1.3259 -1.2955 -1.2497 -1.2497 -1.2497 -1.1430 -1.0668 -1.0363 -0.9448 -0.8381 -0.7467 -0.9753 -1.5699 -1.5394 -1.2802 -0.9753 -0.0607 0.7015 0.6863 
0.1528 0.2137 0.3814 0.4119 0.3204 0.1375 -0.1826 -1.1887 -1.2345 -1.2192 -1.2040 -1.0820 -1.0515 -1.0668 -1.0058 -1.0211 -1.0515 -0.9753 -0.7467 -0.6247 -0.6704 -0.6247 -0.6095 -0.6400 -0.8381 -1.0363 -1.1278 -1.0058 -0.2741 0.4119 0.7015 0.7473 

Канал 2:
0.8910 0.7674 0.5732 0.4143 0.8910 0.8910 0.6968 0.2907 0.2201 0.1141 -0.0271 0.0259 -0.1683 -0.0801 -0.3096 -0.2743 0.0965 0.5202 0.9792 1.0675 0.8910 0.7674 1.0322 0.9792 0.8733 0.3260 0.0435 0.2554 0.4319 -0.0271 -0.1683 -0.1683 
0.9439 0.9439 0.9086 0.8203 0.8557 1.0675 0.7321 0.0788 0.1141 0.4143 0.4496 0.4143 0.6261 0.7497 0.8203 0.9969 1.1381 1.2088 1.2088 1.2264 1.1028 0.9439 0.9263 0.9969 1.1381 0.8203 0.6438 0.5026 0.6968 0.2024 0.2554 0.4849 
1.2617 1.2441 1.2088 1.1911 1.2088 1.3677 0.9263 0.0965 0.0082 0.2554 0.4319 0.4496 0.5202 0.5732 0.8557 1.1558 1.0675 1.2441 1.1558 0.9792 0.9792 0.8733 0.7321 0.9263 1.1205 1.1558 1.0675 0.6791 0.4672 0.5202 0.6791 0.6968 
1.5266 1.5089 1.5089 1.4559 1.4736 1.4559 1.2088 0.2907 0.1671 0.3083 0.0435 0.5026 0.2730 0.0259 0.4496 0.4143 0.4672 0.9616 0.8733 0.7674 0.4672 0.4849 0.6615 0.9439 0.9969 1.0852 0.9616 0.5026 0.1848 0.6791 0.9439 0.7321 
1.5266 1.4912 1.5089 1.5089 1.5266 1.4559 0.8203 -0.4685 -0.3449 0.0435 -0.3626 0.1494 0.0082 -0.3449 -0.0624 -0.3096 -0.2919 0.1318 -0.0977 0.0965 0.1848 0.1848 0.6615 1.1558 0.8910 0.8910 0.9439 0.3260 0.0259 0.4496 0.8027 0.9086 
1.5266 1.5089 1.5089 1.4912 1.5442 1.4030 0.9969 -0.5215 -0.8039 -0.0448 0.0259 0.2024 0.2024 0.2024 0.3260 0.1494 -0.0271 -0.0271 -0.1154 -0.2743 -0.1860 0.3613 0.8203 1.2264 1.0499 0.8380 0.6085 0.2024 -0.2037 0.0259 0.5908 1.1381 
1.5266 1.4912 1.4912 1.5089 1.4559 1.1028 1.1028 0.3790 -0.4861 0.3790 0.6615 0.8557 0.7321 0.7850 1.0322 0.9263 0.8027 0.6438 0.5908 0.5732 0.0788 0.1318 0.8203 1.1735 1.2088 0.9616 0.3260 0.1848 -0.2390 -0.2213 0.3437 1.0499 
1.5089 1.4736 1.4736 1.5619 1.2617 0.7674 1.0322 0.5908 -0.4332 0.6261 1.1558 1.2970 1.3324 0.9969 0.8380 0.8910 0.8557 0.8733 0.7674 0.8557 1.1558 0.3790 -0.0801 0.8027 1.0852 0.7497 0.6615 0.5202 0.2201 -0.2213 -0.0801 0.7144 
1.5266 1.4912 1.4912 1.5266 1.2088 0.8910 1.1381 0.2730 -0.4155 0.4849 0.6085 0.6085 1.1028 0.8027 0.6085 0.7497 0.7674 0.8203 0.8203 0.6968 1.0852 0.8733 0.0788 0.5202 0.7850 0.8910 1.1381 0.7850 0.0435 -0.3449 -0.1860 0.3437 
1.4736 1.4559 1.4912 1.4736 1.2441 0.8203 0.6261 0.0965 -0.3272 0.6085 0.5379 0.4496 0.7674 0.6615 0.5908 0.6615 0.7144 0.7674 0.8733 0.6968 0.9969 1.1558 0.5202 0.7321 1.2617 1.4030 1.3853 1.2088 0.5202 0.4849 0.7674 0.9263 
1.3324 1.4030 1.4912 1.5089 1.1381 0.0259 0.1848 -0.0448 -0.4332 0.3260 0.3613 0.2377 0.2730 0.2730 0.3790 0.4319 0.5026 0.5555 0.5202 0.5555 0.8203 1.0852 0.8733 0.6615 1.0322 1.2617 1.5442 1.5089 1.5089 1.5089 1.5089 1.5089 
0.9263 1.2617 1.4736 1.4736 1.0146 0.4143 0.5555 -0.1330 -0.9275 -0.8569 -0.2037 0.0259 -0.0094 0.0082 0.1318 0.2024 0.1848 0.0788 -0.0094 0.1318 0.2554 0.5379 0.6968 0.2907 0.4319 1.1558 1.5795 1.4912 1.5089 1.5089 1.5089 1.5089 
0.6615 1.0499 1.3147 1.1735 0.5379 0.3790 0.6438 0.0082 -1.1570 -1.1747 -0.3096 0.0259 0.4849 0.1671 -0.2743 -0.3272 -0.3449 -0.3802 -0.2213 0.1494 -0.1154 -0.4861 -0.2743 -0.1507 0.5202 1.2088 1.4912 1.5089 1.5089 1.5089 1.5089 1.5089 
0.6438 0.7144 0.9263 0.6085 0.0965 -0.1683 0.0612 -0.3802 -0.1507 0.2024 0.3437 0.1318 0.5379 0.8203 0.1318 -0.2213 -0.0977 0.2377 0.5908 0.9263 0.2907 -0.5391 -0.5391 -0.3626 0.0259 0.3260 0.5732 0.9263 1.4206 1.5266 1.4912 1.4912 
0.6261 0.8557 0.7321 0.0612 -0.0448 -0.3979 -0.2919 -0.3802 0.0612 0.3437 0.3260 0.0082 -0.1507 0.0788 -0.1683 -0.3449 -0.3096 -0.2213 -0.2213 -0.2037 -0.4332 -0.6097 -0.5568 -0.4508 -0.1683 0.0788 0.2554 0.1318 0.8027 1.5266 1.4912 1.5089 
0.6438 0.8733 0.2554 -0.8569 -0.8039 -0.3449 0.3790 0.4672 -0.4508 -0.0801 -0.5568 -1.2630 -1.5101 -1.4572 -1.2277 -1.1217 -1.1747 -1.1041 -1.1394 -1.2453 -1.2806 -1.2806 -1.0511 -0.9805 -0.8746 -0.7510 -0.2743 -0.0624 0.2907 1.2970 1.5266 1.5266 
0.4319 0.2024 0.0435 -1.0158 -1.1041 -0.3979 0.3966 0.0435 -0.5391 -0.4685 -0.5215 -0.4155 -0.3272 -0.5921 -0.5921 -0.9275 -1.8633 -2.0398 -2.0222 -2.1104 -1.4395 -1.5455 -2.1810 -2.0928 -2.2340 -1.3866 -0.2390 -0.1330 0.1494 1.0675 1.5442 1.4912 
0.7674 0.6085 0.6261 -0.6097 -0.6803 -0.2213 -0.0977 -1.5101 -0.9452 -0.4155 -0.4861 -0.1860 0.4496 0.0082 0.1848 -0.4861 -0.9981 -0.7157 -0.4685 -0.6450 0.2907 0.2024 -0.8392 -0.7686 -0.8392 -0.2390 0.3437 0.3966 0.5026 0.6791 1.4736 1.5089 
1.0146 0.7321 0.4496 -0.7863 -0.7686 -0.0271 -0.5038 -2.1634 -1.4042 -0.1683 -0.5215 -1.0511 -0.8392 -0.5215 -0.0271 -0.4685 0.3260 0.6085 0.4319 0.4672 0.7321 0.6085 0.4849 0.5379 0.3966 0.7144 0.4143 -0.1330 -0.1860 0.0612 1.2970 1.5442 
1.0322 0.8027 0.5026 -0.8039 -1.1041 -0.3449 -0.8039 -1.7220 -1.4219 -0.8216 -0.7686 -1.1570 -1.2983 -1.3336 -1.1394 -0.5921 0.5732 0.0082 -0.5568 -0.3626 0.0259 -0.1683 -0.3272 -0.2743 -0.3626 0.5379 0.0082 -1.0511 -0.7686 -0.0801 1.1911 1.5619 
0.9616 0.8733 0.7144 -0.7333 -1.5101 -1.1747 -1.0511 -1.3159 -1.4748 -1.6514 -1.0864 -0.9452 -1.1217 -1.2630 -0.9805 -1.1217 -0.4332 0.0612 -0.0977 -0.1330 -0.1507 -0.2566 -0.3802 -0.2743 -0.2037 -0.0977 -0.2743 -0.8392 -0.7686 -0.2213 1.1205 1.5619 
0.8027 0.8380 0.8027 -0.4861 -1.0158 -1.3689 -1.1747 -1.2100 -1.5631 -2.0045 -1.7926 -1.5808 -1.0688 -0.8392 -0.5921 -1.2630 -1.4925 -0.9981 -0.8216 -0.9805 -1.0688 -1.0158 -1.1394 -0.5921 -0.7686 -1.3513 -0.8039 -0.1683 -0.0801 -0.3802 0.9439 1.5795 
0.8910 0.8733 0.8380 -0.7333 -0.9452 -0.6450 -1.2806 -1.1394 -1.2806 -1.8456 -1.8986 -1.9692 -0.9981 -0.4861 0.2554 -1.0511 -2.0045 -1.0335 -0.0094 -0.5038 -0.6627 -0.3626 -0.6097 0.2201 0.5026 -1.4748 -1.1217 0.2201 -0.1154 -0.7333 0.8557 1.6148 
1.1028 0.9792 0.8027 -0.9628 -1.7573 -0.7510 -0.7863 -0.5391 -0.6097 -1.6514 -1.8809 -1.9515 -1.8103 -1.5631 -0.8922 -1.4748 -1.9515 -1.1217 0.1318 -0.2743 -0.2390 0.1494 -0.2743 0.2907 0.2907 -1.4925 -1.5278 -1.0688 -1.3159 -0.9628 0.9792 1.6325 
0.9969 0.9439 0.7497 -1.0511 -1.9692 -1.5984 -0.5391 0.3083 -0.4155 -1.3866 -1.8103 -2.0045 -2.0928 -2.1104 -2.0398 -1.9692 -1.8279 -1.7397 -1.3866 -0.8569 -0.5921 -0.2037 -0.2566 -0.3449 -1.1747 -1.6161 -1.5631 -1.6161 -1.5808 -0.8746 1.0322 1.6325 
0.8557 0.8557 0.7850 -0.0271 -0.7686 -0.7333 -0.4508 0.2024 -0.5744 -1.0158 -1.5278 -1.9515 -2.0928 -2.0751 -2.0751 -2.0045 -1.9162 -2.1104 -1.3336 0.5908 1.0499 1.0852 0.7144 0.7497 -0.9099 -1.8809 -1.8103 -1.6867 -1.2100 -0.5744 0.9086 1.5619 
0.5202 0.5908 0.8380 1.0146 0.5732 -0.0801 -0.4332 0.0435 -0.6627 -0.7686 -0.9628 -1.7044 -2.2164 -2.1987 -2.1810 -2.0751 -1.8986 -1.9339 -1.2983 0.3613 0.7144 0.5908 0.5555 0.5026 -1.1041 -2.1104 -2.1281 -1.6337 -0.8392 -0.4508 0.8910 1.5266 
0.5732 0.6968 0.8203 0.6968 0.3966 -0.0094 -0.4685 0.0259 -0.7863 -0.7157 -0.8392 -1.5631 -2.1104 -2.1281 -2.0222 -1.9339 -1.5984 -1.1570 -0.9452 -0.5744 -0.4155 -0.1507 0.2554 0.1318 -1.5278 -2.0928 -2.0575 -1.5455 -0.8039 -0.5038 0.8557 1.4736 
0.8380 0.8910 0.6968 0.4496 0.2201 0.0788 -0.5038 -0.4508 -0.9099 -0.8392 -0.9628 -1.4395 -1.9162 -1.9692 -1.8633 -1.7926 -1.6867 -1.5278 -1.2630 -0.9628 -0.6803 -0.2390 0.1671 0.3083 -1.5808 -2.0928 -1.9515 -1.5455 -0.9981 -0.5744 0.9439 1.4030 
0.7144 0.6261 0.6261 0.5379 0.3437 0.1318 -0.4332 -1.0158 -1.0511 -0.9452 -1.1041 -1.4042 -1.7044 -1.8456 -1.7573 -1.7044 -1.6514 -1.5808 -1.4219 -1.2630 -1.0335 -0.7510 -0.5215 -0.2743 -1.2630 -2.1104 -2.0222 -1.5455 -1.2277 -0.4508 1.1381 1.2970 
0.6085 0.5202 0.5555 0.5202 0.5379 0.5202 -0.2566 -1.3866 -1.2100 -1.0511 -1.2453 -1.5631 -1.5101 -1.5808 -1.4925 -1.4219 -1.4219 -1.4219 -1.2806 -1.1570 -1.0864 -0.9981 -0.8746 -0.7863 -1.1394 -1.9515 -1.9515 -1.4925 -1.0335 0.2554 1.2970 1.2794 
0.6615 0.7144 0.8733 0.8203 0.7321 0.5026 0.1141 -1.2983 -1.4572 -1.4572 -1.4219 -1.3159 -1.3159 -1.2277 -1.0688 -1.0511 -1.1394 -1.0511 -0.7863 -0.6097 -0.5921 -0.5215 -0.5391 -0.5568 -0.8216 -1.1924 -1.3159 -1.1041 -0.1860 0.8027 1.1735 1.1381 
