Размер изображения: 32x32x3
Предсказанный класс: автомобиль

Пиксели изображения:

Канал 0:
0.8597 1.2594 1.6431 1.7710 1.9789 2.2347 2.2826 2.2347 2.2667 2.1867 1.9789 1.8350 1.7870 1.8350 1.7550 1.4832 1.3074 1.2914 1.2434 1.1794 0.9556 0.6039 0.2361 0.5239 -0.0037 -0.0676 -0.0676 -0.4354 -0.1956 -0.0836 -0.2435 -0.1956 
1.8989 2.1228 2.1707 1.9789 2.0108 2.2187 2.1867 2.0588 2.0908 1.9789 1.7550 1.5792 1.5152 1.5472 1.4992 1.2754 1.0995 1.0356 0.8757 0.3321 0.5719 0.5559 0.2521 0.4600 0.1882 -0.3874 -1.1069 -0.8671 -0.1796 0.0123 -0.1476 -0.0996 
2.3306 2.2826 2.1547 1.8190 1.7710 1.9149 1.8670 1.7231 1.7071 1.6111 1.4193 1.2434 1.1635 1.2114 1.1635 0.9716 0.8437 0.7318 0.6678 0.3640 0.3481 0.5399 0.3481 0.1242 -0.3075 -1.0589 -1.6345 -1.0909 -0.1156 0.1402 -0.0197 -0.0197 
2.0268 1.8989 1.8510 1.6751 1.6751 1.5472 1.4992 1.3713 1.2914 1.2274 1.0835 0.9236 0.8597 0.9396 0.8597 0.7478 0.6199 0.5559 0.5399 0.5079 0.3001 0.3001 0.3321 -0.0197 -0.7551 -1.1069 -1.2828 -0.8191 0.0922 0.2201 0.0922 0.0443 
1.6111 1.4193 1.6111 1.5152 1.3393 1.1794 1.1635 1.0356 0.9076 0.8437 0.7478 0.6358 0.6199 0.7158 0.6518 0.5559 0.4600 0.4760 0.3960 0.4600 0.3640 0.2521 0.4120 -0.2595 -0.7711 -0.7232 -0.9310 -0.3235 0.1722 0.2201 0.1242 0.0443 
1.2114 1.0356 1.0196 0.8917 0.7478 0.7957 0.8437 0.7158 0.6039 0.5559 0.5399 0.5079 0.5239 0.5559 0.5079 0.5079 0.4600 0.5399 0.4440 0.5079 0.5399 0.4919 -0.0676 -0.5953 -0.4993 -0.7072 -0.6272 0.1562 0.3640 0.3481 0.0922 0.0603 
0.5559 0.4760 0.4760 0.4440 0.4760 0.4440 0.5399 0.4280 0.4600 0.4919 0.5239 0.5559 0.5879 0.6358 0.5719 0.6199 0.6199 0.6199 0.5079 0.5879 0.5719 0.0123 -0.9470 -1.1708 -0.5473 -0.4993 0.0283 0.3321 0.4120 0.4120 0.0762 0.0922 
0.1882 0.3001 0.3481 0.3640 0.4760 0.3960 0.5079 0.4120 0.4760 0.5399 0.6039 0.6518 0.6998 0.8277 0.7638 0.7478 0.6358 0.6838 0.6518 0.6678 0.3481 -0.6432 -1.4906 -1.4267 -0.4194 0.1722 0.3481 0.2521 0.2681 0.3481 0.1242 0.0922 
0.1402 0.3161 0.4120 0.4280 0.5239 0.4600 0.5879 0.4919 0.5239 0.6199 0.6838 0.7318 0.6678 0.7638 0.9076 1.0196 0.8277 0.8917 0.8117 0.6678 0.1402 -0.9950 -1.4746 -1.2188 -0.0197 0.5239 0.4760 0.3161 0.2042 0.2521 0.1562 0.0762 
0.1882 0.3481 0.4760 0.4760 0.5559 0.4760 0.6199 0.5559 0.5559 0.6518 0.7638 0.9396 0.8117 0.7638 0.8917 0.9716 0.7797 0.6518 0.6199 0.5079 -0.1156 -0.8031 -0.9630 -0.8191 0.0443 0.2841 0.2521 0.3161 0.1402 0.1562 0.1722 0.0603 
0.3001 0.4120 0.5239 0.4919 0.5719 0.4760 0.6039 0.5399 0.5239 0.6039 0.6998 0.7478 0.3960 0.5239 0.6039 0.7318 0.9556 1.2754 1.6751 1.7231 0.3481 -0.2275 -0.5953 -1.0270 -0.3394 -0.1796 -0.1156 0.1402 0.0922 0.0762 0.1082 0.0123 
0.4280 0.4919 0.5719 0.5079 0.5559 0.4760 0.5719 0.5079 0.4919 0.5879 0.4760 0.4120 0.5719 1.2114 1.5152 1.5472 1.6591 1.5951 1.6111 1.3713 0.8917 1.3233 0.6358 -1.0270 -1.2668 -1.0589 -0.0517 0.1242 0.0443 -0.0037 0.0283 -0.0357 
0.5399 0.5239 0.5879 0.5239 0.5879 0.5399 0.5079 0.4919 0.4600 0.4280 0.6039 0.9236 1.0356 0.8597 0.4919 0.1402 -0.0037 -0.2115 -0.4993 -0.7551 0.0762 1.8190 1.5152 -0.1796 -1.4906 -1.5865 -0.7072 0.1562 -0.1156 -0.0836 -0.0197 -0.0996 
0.6039 0.5079 0.5879 0.5399 0.6358 0.6358 0.3800 0.4600 0.3800 0.6199 0.5399 0.0603 -0.1956 -0.2275 -0.9150 -1.3947 -1.2348 -0.8990 -1.2988 -1.4107 0.2201 1.6431 1.6591 0.8117 -1.0909 -1.6025 -1.3947 -0.6113 -0.5953 -0.3874 -0.1156 -0.1796 
0.6199 0.5239 0.6358 0.5719 0.6039 0.5719 0.2361 0.3481 0.4280 0.3321 -0.3554 -0.6113 -0.3235 -0.3874 -0.9630 -1.3467 -1.3947 -0.8990 -1.2188 -0.6592 1.0995 1.5152 1.5792 1.5472 -0.0676 -1.4426 -1.4107 -1.3467 -1.1389 -0.8031 -0.4354 -0.2915 
0.5879 0.5239 0.6678 0.6039 0.5079 0.4120 0.5239 0.3960 0.1722 -0.6432 -0.5473 -0.3235 -0.0037 -0.4514 -1.0589 -1.1549 -1.1229 -0.5793 0.1402 1.2114 1.5472 1.4513 1.5792 1.4193 0.0283 -0.7232 -1.1069 -1.4107 -1.3147 -0.4354 -0.0996 -0.3714 
0.5719 0.5239 0.6518 0.6039 0.4280 0.1242 0.4120 0.2361 -0.4034 -0.2755 -0.7392 -0.5953 -0.3394 -0.6113 -0.3714 0.7797 1.3713 1.8030 2.0908 2.0588 1.7390 1.7390 1.6751 0.1242 -0.9310 -0.2115 -0.8511 -1.3787 -0.6592 0.5239 0.5879 -0.3554 
0.5879 0.5559 0.5719 0.4919 0.1562 -0.5953 -0.7711 -0.6272 -0.4034 -0.4993 -1.2348 -1.2508 -1.1229 -1.2988 0.5399 2.1707 2.0748 2.0588 1.9309 1.8190 1.8030 1.8670 0.6838 -0.7711 -0.7871 -0.3554 -0.4514 -0.4514 0.4280 0.8757 0.9716 -0.2435 
0.5879 0.5399 0.4760 0.4440 0.5559 -0.5633 -0.9790 -0.8671 -0.6272 -1.1708 -1.3307 -1.3467 -0.9470 -1.0429 0.7797 1.7710 1.4832 1.3393 1.3553 1.6271 1.8190 1.8670 1.0675 -0.0517 -0.2115 0.1402 0.4600 0.6838 0.7318 0.6678 0.9396 -0.2755 
0.5879 0.5399 0.3161 1.1954 1.3233 -0.4833 -1.1708 -1.0110 -0.7871 -1.3627 -1.4426 -1.3307 -0.7871 -0.6432 0.8277 1.4033 1.2114 1.1635 1.4353 1.5152 1.4033 1.5951 1.8510 1.1635 0.7158 0.7957 0.6838 0.7158 0.6998 0.6358 0.4760 -0.6432 
0.5399 0.4280 0.7638 2.0428 1.1954 -0.2595 -1.0909 -1.0270 -0.8671 -1.5226 -1.5226 -1.5226 -1.3787 -0.9150 0.8597 1.2754 1.1155 1.2594 1.2594 0.1402 -0.5953 -0.2595 0.8757 1.4353 1.2274 1.0196 0.8597 0.7478 0.6518 0.4760 -0.4674 -1.0909 
0.3800 0.3481 0.9076 0.9076 0.5239 -0.0037 -0.9790 -0.9630 -1.2508 -1.6505 -1.5546 -1.4586 -1.2188 -0.8351 0.8917 1.1794 1.0515 1.3393 0.1082 -1.3627 -1.3787 -1.3627 -0.9310 0.6838 1.2914 1.0356 0.5719 0.4280 0.3481 -0.6272 -1.3627 -1.0749 
0.2841 0.4120 -0.0517 -1.2828 -0.5473 0.0283 -0.8671 -0.9310 -1.4107 -1.5865 -1.5226 -0.7551 -0.2595 -0.1156 0.9396 1.1155 1.1315 1.0036 -1.0270 -1.2348 -0.9470 -1.0909 -1.4746 -0.5793 0.6838 0.4760 0.1722 0.1722 -0.7392 -1.4746 -1.3627 -0.9310 
0.2361 0.2841 -0.5313 -1.2188 -0.7551 0.1242 -0.6113 -1.2028 -1.4906 -1.4746 -1.3147 -0.5473 -0.4354 0.0283 1.2914 1.2914 1.3553 0.5239 -1.2668 -1.0110 -1.2188 -1.2668 -1.2508 -1.2668 0.0283 0.4120 0.2681 -0.2755 -1.3467 -1.3627 -1.0270 -0.7551 
0.0443 -0.0676 -0.5633 -0.6912 -0.7392 0.1082 -0.4674 -1.2508 -1.4426 -1.2028 -0.9310 -0.5633 -0.5793 0.4760 1.3233 1.1635 1.1794 0.1562 -1.2028 -0.8351 -0.8511 -1.0429 -1.2668 -1.4746 -0.5473 0.4280 0.2841 -0.7392 -1.4107 -1.1549 -0.8990 -0.7551 
-0.3075 -0.4034 -0.7232 -0.7392 -0.7711 -0.0197 -0.4993 -1.3627 -1.3787 -0.9630 -0.4833 -0.1636 -0.1476 0.6199 0.9236 0.9076 1.0196 0.1082 -1.1868 -0.7871 -0.5633 -0.9150 -1.1069 -1.4267 -1.0429 0.0283 -0.1636 -1.1708 -1.5066 -1.2348 -1.0589 -0.8990 
-0.5313 -0.5313 -0.6752 -0.7392 -0.7871 -0.1796 -0.3075 -0.9470 -0.7232 -0.1316 0.4919 0.9396 1.0036 1.1155 1.2274 1.2114 1.2114 0.2841 -1.1549 -0.8351 -0.1636 -0.2275 -0.8831 -1.2668 -1.4267 -0.5793 -0.7551 -1.5066 -1.6025 -1.4107 -1.2348 -1.0589 
-0.5313 -0.5313 -0.5953 -0.4514 -0.6592 -0.2755 -0.5953 -0.9470 -0.8671 -0.7392 -0.5153 -0.3235 -0.2435 -0.1636 -0.1316 -0.1636 -0.1316 -0.3714 -1.1868 -0.7392 -0.7551 -0.7072 -1.2348 -1.3787 -1.6345 -1.4267 -1.5386 -1.6505 -1.5865 -1.5386 -1.4267 -1.1708 
-0.4993 -0.3714 -0.5473 -0.8351 -0.9790 -1.0749 -1.4586 -1.6345 -1.6505 -1.6665 -1.6185 -1.5865 -1.5865 -1.5706 -1.5386 -1.5226 -1.5226 -1.4906 -1.5706 -0.6432 -0.6272 -0.9470 -0.8031 -1.4586 -1.6665 -1.6665 -1.6825 -1.6505 -1.6025 -1.5386 -1.4586 -1.1868 
-0.4194 -0.2755 -0.4034 -0.9470 -1.3627 -1.5386 -1.4426 -1.2988 -1.4746 -1.5386 -1.4746 -1.4746 -1.4746 -1.4746 -1.4746 -1.5066 -1.5386 -1.5546 -1.6025 -1.3307 -0.7072 -0.5473 -1.0270 -1.5865 -1.6505 -1.6345 -1.6185 -1.6185 -1.5865 -1.5226 -1.3627 -1.1708 
-0.5313 -0.4354 -0.5313 -0.8191 -0.9630 -0.9470 -0.7551 -0.7711 -1.2828 -1.4267 -1.2988 -1.2508 -1.2028 -1.1868 -1.2348 -1.2508 -1.3147 -1.3627 -1.4426 -1.5066 -1.3787 -1.3467 -1.5706 -1.6025 -1.5706 -1.5865 -1.5706 -1.5706 -1.5226 -1.4586 -1.2668 -1.2028 
-0.5953 -0.5473 -0.4833 -0.4514 -0.2915 -0.3714 -0.5473 -0.8031 -1.1868 -1.0909 -1.0110 -1.0270 -0.9470 -0.8831 -0.8990 -0.9150 -0.9950 -1.0909 -1.2188 -1.2508 -1.1549 -1.1549 -1.3947 -1.5066 -1.4746 -1.4426 -1.4586 -1.4906 -1.4107 -1.2828 -1.2188 -1.2348 

Канал 1:
-0.4419 -0.2311 -0.0906 -0.0731 0.0674 0.2782 0.3133 0.3309 0.4187 0.3485 0.1904 0.0674 0.0499 0.0850 0.0850 -0.1082 -0.2136 -0.2136 0.0323 0.9281 -0.1785 -0.1082 -0.2136 -0.4068 -0.7054 -0.4946 -0.2838 -0.4595 -0.5824 -0.7756 -0.7229 -0.7581 
0.0850 0.1728 0.2607 0.1026 0.0850 0.2080 0.1728 0.0674 0.1026 0.0323 -0.0906 -0.1785 -0.2136 -0.1433 -0.1258 -0.2838 -0.3717 -0.3541 -0.4068 -0.3717 -0.3892 -0.4770 -0.5649 -0.5122 -0.4946 -0.2838 -0.5649 -0.6176 -0.6000 -0.7229 -0.7054 -0.7756 
0.1728 0.1026 0.1728 -0.0028 -0.0731 -0.0204 -0.1082 -0.2311 -0.2487 -0.3014 -0.3365 -0.3892 -0.4243 -0.3541 -0.3365 -0.4243 -0.4946 -0.4770 -0.5649 -0.6000 -0.4770 -0.5122 -0.5473 -0.4946 -0.2487 -0.4946 -0.8634 -0.8459 -0.7229 -0.7405 -0.7581 -0.7932 
-0.1082 -0.1433 -0.0204 -0.0379 -0.0028 -0.2487 -0.3365 -0.4595 -0.4770 -0.4770 -0.4946 -0.5297 -0.5473 -0.5122 -0.4946 -0.5297 -0.5824 -0.5649 -0.6176 -0.5824 -0.5297 -0.6000 -0.5824 -0.4419 -0.3541 -0.7756 -0.8986 -0.8283 -0.7054 -0.7581 -0.8108 -0.7932 
-0.0906 -0.0906 0.0674 -0.0555 -0.1785 -0.4595 -0.5297 -0.6176 -0.6000 -0.5824 -0.6000 -0.6351 -0.6351 -0.6351 -0.6000 -0.5649 -0.6000 -0.6000 -0.6000 -0.6000 -0.6000 -0.2487 0.0850 -0.3541 -0.6527 -0.7756 -0.8634 -0.6527 -0.6176 -0.5473 -0.7581 -0.7932 
-0.0555 -0.0731 -0.2663 -0.5122 -0.6351 -0.6351 -0.6527 -0.7054 -0.6878 -0.6527 -0.6351 -0.6527 -0.6702 -0.6702 -0.6176 -0.5473 -0.5824 -0.5649 -0.5122 -0.5649 -0.5122 0.5417 0.5592 -0.0379 -0.3717 -0.6176 -0.5649 -0.3190 -0.3365 -0.3014 -0.6702 -0.7581 
-0.4946 -0.6000 -0.6878 -0.7405 -0.7054 -0.6878 -0.7054 -0.7229 -0.7054 -0.7054 -0.6527 -0.6351 -0.6702 -0.6527 -0.5824 -0.4770 -0.5297 -0.5473 -0.4770 -0.5649 -0.1960 0.4714 -0.1258 -0.4419 -0.1082 -0.3892 -0.3365 -0.3014 -0.4595 -0.5649 -0.6878 -0.7229 
-0.7932 -0.7932 -0.8108 -0.7756 -0.7054 -0.6878 -0.7054 -0.7054 -0.6702 -0.6878 -0.6351 -0.6176 -0.6527 -0.6176 -0.5824 -0.4068 -0.3892 -0.3014 -0.1960 -0.2487 0.0499 0.0323 -0.7756 -0.8986 -0.4946 -0.4419 -0.5473 -0.5297 -0.6527 -0.7054 -0.7054 -0.7229 
-0.7932 -0.7756 -0.7756 -0.7756 -0.7229 -0.7054 -0.6878 -0.6878 -0.6527 -0.6702 -0.6000 -0.5649 -0.4419 -0.1082 -0.1960 -0.0555 -0.0555 -0.0731 -0.1258 -0.1433 -0.0204 -0.3892 -0.7932 -0.8108 -0.6351 -0.6527 -0.6702 -0.6176 -0.6351 -0.6878 -0.7229 -0.7405 
-0.7581 -0.7756 -0.7756 -0.7756 -0.7229 -0.7405 -0.7054 -0.6702 -0.6702 -0.6527 -0.5297 -0.2311 -0.0028 0.2431 -0.0906 -0.1785 -0.2311 -0.2838 -0.2136 -0.0731 -0.1082 -0.2311 -0.2487 -0.3190 -0.3717 -0.4770 -0.6527 -0.6527 -0.6527 -0.6702 -0.7405 -0.7405 
-0.7405 -0.7756 -0.7581 -0.7756 -0.7229 -0.7229 -0.7229 -0.6878 -0.6527 -0.6527 -0.4595 -0.1609 -0.2311 0.0674 -0.0028 0.2080 0.7349 1.3145 1.8238 2.1400 1.0862 0.7349 0.2255 -0.5122 -0.1082 -0.0204 -0.4243 -0.6527 -0.6702 -0.6527 -0.7756 -0.7581 
-0.7229 -0.7756 -0.7405 -0.7581 -0.6702 -0.6702 -0.7054 -0.6702 -0.6527 -0.5824 -0.5473 -0.2487 0.4012 1.5604 2.0346 2.2454 2.5088 2.5088 2.4562 2.3683 2.0346 2.5615 1.5780 -0.7054 -0.6702 -0.4419 0.1377 -0.3892 -0.7229 -0.7054 -0.7932 -0.7932 
-0.7405 -0.7405 -0.7054 -0.7229 -0.6702 -0.6702 -0.6527 -0.6351 -0.6527 -0.5297 0.0674 0.8754 1.4374 1.6306 1.3672 0.9632 0.6646 0.4539 0.1553 -0.0204 0.9632 2.9831 2.6494 0.2782 -0.8283 -0.9161 -0.2136 0.1377 -0.6351 -0.7229 -0.7932 -0.8108 
-0.7405 -0.7054 -0.6527 -0.7054 -0.6878 -0.6878 -0.6527 -0.6351 -0.6351 0.1728 0.7173 0.5065 0.3133 0.4187 -0.1785 -0.7756 -0.7932 -0.4946 -0.8283 -0.8108 1.0862 2.7899 2.8426 1.6306 -0.4595 -0.9688 -0.7054 -0.0555 -0.5122 -0.7581 -0.7756 -0.8108 
-0.6702 -0.6878 -0.6176 -0.7054 -0.6702 -0.6527 -0.7581 -0.7229 -0.1258 0.4012 -0.0731 -0.3717 -0.0204 0.2782 -0.2136 -0.6702 -0.8986 -0.3365 -0.5649 0.1904 2.2630 2.7021 2.5791 2.5088 0.7173 -0.8459 -0.8108 -0.6878 -0.6176 -0.7054 -0.7405 -0.7756 
-0.6351 -0.7054 -0.6351 -0.6878 -0.6527 -0.4419 -0.0379 -0.1785 0.2431 -0.1785 -0.1082 -0.0555 0.3133 0.2607 -0.2838 -0.4243 -0.4770 0.1904 1.0862 2.3508 2.8250 2.7021 2.7196 2.5967 0.9808 -0.0906 -0.7229 -0.8459 -0.5473 0.1553 -0.0028 -0.7932 
-0.6527 -0.7405 -0.6527 -0.6878 -0.5122 -0.1609 0.5944 0.5241 0.1904 0.5417 -0.0028 0.0674 0.3309 0.1553 0.4890 1.7536 2.3508 2.8250 3.2114 3.2114 2.8953 2.9128 2.8074 1.0335 -0.4419 -0.0555 -0.7932 -0.9337 0.1728 1.3672 0.9632 -0.7581 
-0.6527 -0.7229 -0.6702 -0.6351 -0.3892 -0.3190 -0.1609 0.1201 0.4539 0.3485 -0.4419 -0.3717 -0.2311 -0.5297 1.5077 3.3168 3.2290 3.1587 3.0006 2.8777 2.8601 2.8777 1.3496 -0.5473 -0.8986 -0.6527 -0.3892 0.0850 1.2442 1.7536 1.5604 -0.4946 
-0.7054 -0.7581 -0.7054 -0.4243 0.5417 0.1377 -0.2838 -0.1433 0.2255 -0.4243 -0.6702 -0.6176 -0.1082 -0.2311 1.7712 2.8953 2.6669 2.5088 2.4737 2.7372 2.9304 2.9128 1.7712 0.2080 -0.0906 0.4890 1.1564 1.5253 1.5604 1.5428 1.7185 -0.1960 
-0.7581 -0.8283 -0.4243 1.0862 1.9819 0.4890 -0.4595 -0.3541 0.0148 -0.6878 -0.8986 -0.7229 0.0323 0.2958 1.8941 2.5615 2.4035 2.3683 2.6142 2.6669 2.5264 2.7196 2.8953 2.0171 1.5780 1.8590 1.8414 1.7536 1.6131 1.5604 1.2969 -0.3541 
-0.7756 -0.9161 0.6822 2.7723 2.2454 0.8578 -0.2663 -0.2838 -0.0906 -0.9161 -0.9337 -0.8459 -0.5473 0.0674 2.0171 2.4913 2.3156 2.4562 2.3859 1.0862 0.2958 0.6998 1.9292 2.6142 2.4210 2.1400 2.0171 1.8765 1.6482 1.3672 0.2080 -0.7932 
-0.8459 -0.7405 1.2267 1.8063 1.5428 1.1564 -0.1258 -0.1785 -0.5649 -1.0391 -0.9161 -0.7054 -0.3014 0.1728 2.0697 2.3859 2.2454 2.5088 1.0686 -0.6527 -0.6351 -0.5649 -0.1082 1.7712 2.4562 2.1400 1.6833 1.4901 1.2969 0.1026 -0.8634 -0.7932 
-0.9161 -0.4770 0.3660 -0.5122 0.3660 1.1915 -0.0028 -0.1609 -0.7581 -0.9688 -0.8108 0.1728 0.8051 0.9632 2.1224 2.3156 2.3332 2.1224 -0.2663 -0.5649 -0.2311 -0.3365 -0.7405 0.2958 1.7360 1.5077 1.2267 1.1740 0.0323 -0.9161 -0.9337 -0.6702 
-0.9161 -0.5122 -0.1258 -0.4770 0.1377 1.2969 0.2782 -0.4595 -0.8283 -0.7932 -0.4946 0.4539 0.6119 1.1213 2.5088 2.5088 2.5615 1.5780 -0.5297 -0.3365 -0.5297 -0.5473 -0.5297 -0.5473 0.9632 1.4550 1.3321 0.6471 -0.6878 -0.8810 -0.6527 -0.5122 
-0.9161 -0.7229 -0.1433 0.0499 0.1553 1.2969 0.4363 -0.5122 -0.7229 -0.4068 0.0148 0.4363 0.4187 1.6131 2.5440 2.3683 2.3859 1.1740 -0.4419 -0.1082 -0.1258 -0.3190 -0.6000 -0.8283 0.2607 1.4901 1.3496 0.0850 -0.8459 -0.7405 -0.6000 -0.5473 
-0.9688 -0.8459 -0.2663 -0.0028 0.1201 1.1564 0.4187 -0.6000 -0.5649 -0.0379 0.5592 0.8578 0.8578 1.7536 2.1049 2.0697 2.2103 1.1389 -0.3717 -0.0379 0.2255 -0.1609 -0.4770 -0.8283 -0.3190 1.0510 0.8578 -0.4243 -0.9688 -0.8634 -0.8108 -0.7054 
-0.8986 -0.7932 -0.4068 -0.0555 0.1377 0.9632 0.7349 -0.0204 0.3309 1.0335 1.7009 2.1224 2.1576 2.3332 2.4386 2.4035 2.3859 1.2969 -0.3541 -0.0379 0.6998 0.6295 -0.1785 -0.6000 -0.7229 0.2958 0.1201 -0.8108 -1.0391 -0.9688 -0.8810 -0.7054 
-0.7581 -0.7405 -0.5824 0.0850 0.1904 0.7173 0.4012 -0.0379 0.1201 0.3133 0.5065 0.6646 0.7349 0.8930 0.8930 0.8227 0.8227 0.4714 -0.4419 0.0499 0.0323 0.0674 -0.5473 -0.6878 -0.9513 -0.7405 -0.8459 -1.0040 -0.9864 -0.9864 -0.8986 -0.6702 
-0.6878 -0.6000 -0.5824 -0.4419 -0.3190 -0.3190 -0.7054 -0.9688 -0.9161 -0.9161 -0.8810 -0.8810 -0.8634 -0.8108 -0.7932 -0.8108 -0.8283 -0.8283 -0.9337 0.0850 0.1026 -0.2487 -0.1082 -0.8108 -1.0215 -1.0391 -1.0391 -1.0215 -0.9864 -0.9337 -0.8459 -0.6527 
-0.5122 -0.4419 -0.4068 -0.5297 -0.6878 -0.7756 -0.6527 -0.5297 -0.6878 -0.7229 -0.6878 -0.6878 -0.6878 -0.7229 -0.7581 -0.8283 -0.8986 -0.9161 -0.9688 -0.6702 -0.0028 0.1553 -0.3717 -0.9513 -1.0215 -1.0040 -1.0040 -0.9864 -0.9337 -0.8459 -0.6702 -0.5824 
-0.4770 -0.4419 -0.3717 -0.2136 -0.0379 0.0850 0.3309 0.2607 -0.3190 -0.4595 -0.3014 -0.2487 -0.2311 -0.3190 -0.4068 -0.4770 -0.5824 -0.6176 -0.7229 -0.8108 -0.6878 -0.6527 -0.9161 -0.9337 -0.8986 -0.9337 -0.9161 -0.8986 -0.8459 -0.7405 -0.5473 -0.5649 
-0.3541 -0.3541 -0.0555 0.4363 0.8227 0.8578 0.6998 0.3485 -0.1258 -0.0028 0.1201 0.1553 0.2080 0.1728 0.1377 0.0850 -0.0555 -0.1960 -0.3365 -0.3717 -0.2663 -0.3190 -0.6702 -0.7756 -0.7405 -0.7054 -0.7229 -0.7581 -0.7054 -0.6000 -0.5297 -0.5649 

Канал 2:
-0.7016 -0.7325 -0.6862 -0.7479 -0.7634 -0.7479 -0.8251 -0.8714 -0.8559 -0.8559 -0.8868 -0.8714 -0.8405 -0.8096 -0.8251 -0.9022 -0.8868 -0.9022 -0.3622 0.4247 -0.5628 -0.5474 -0.4548 -0.7788 -0.7016 -0.4856 -0.3005 -0.4548 -0.6091 -0.7788 -0.8096 -0.8251 
-0.7016 -0.7171 -0.7479 -0.8405 -0.7942 -0.7788 -0.8559 -0.9022 -0.8405 -0.8714 -0.8868 -0.8868 -0.8714 -0.8405 -0.8405 -0.8868 -0.8868 -0.8868 -0.6554 -0.6091 -0.7942 -0.8096 -0.8096 -0.7942 -0.3931 -0.1925 -0.5474 -0.5628 -0.6091 -0.7788 -0.8405 -0.8096 
-0.7942 -0.8405 -0.8559 -0.9022 -0.8405 -0.8405 -0.8868 -0.9022 -0.8405 -0.8405 -0.8405 -0.8405 -0.8405 -0.8096 -0.8251 -0.8559 -0.8405 -0.8559 -0.7171 -0.7634 -0.8405 -0.7942 -0.8096 -0.7479 -0.2851 -0.3622 -0.7016 -0.7171 -0.6708 -0.8096 -0.8559 -0.8096 
-0.8868 -0.8559 -0.7788 -0.7325 -0.6245 -0.8405 -0.8559 -0.8559 -0.8251 -0.8096 -0.7788 -0.7942 -0.7788 -0.7634 -0.8096 -0.8096 -0.7942 -0.8251 -0.7479 -0.7634 -0.8405 -0.7479 -0.6554 -0.5474 -0.4393 -0.5628 -0.6399 -0.6862 -0.6708 -0.8096 -0.8251 -0.7788 
-0.7171 -0.6091 -0.4548 -0.5011 -0.5474 -0.8096 -0.7942 -0.7788 -0.7942 -0.7788 -0.7634 -0.7788 -0.7634 -0.7479 -0.7942 -0.7788 -0.7634 -0.7942 -0.7788 -0.7942 -0.7788 -0.3313 0.0852 -0.3005 -0.6554 -0.6554 -0.6862 -0.5782 -0.6862 -0.6708 -0.7016 -0.7634 
-0.5319 -0.4393 -0.5628 -0.7171 -0.7634 -0.8096 -0.7634 -0.7788 -0.8251 -0.8251 -0.7634 -0.7479 -0.7325 -0.7479 -0.7942 -0.7634 -0.7479 -0.7325 -0.7325 -0.7942 -0.5936 0.4092 0.5327 0.0081 -0.3776 -0.6862 -0.6091 -0.4085 -0.5474 -0.4856 -0.6554 -0.7634 
-0.7171 -0.7325 -0.7479 -0.7942 -0.7788 -0.7788 -0.7479 -0.7942 -0.8096 -0.8251 -0.7479 -0.6862 -0.7016 -0.7171 -0.7479 -0.7171 -0.7634 -0.6862 -0.6862 -0.7942 -0.3313 0.4247 0.0235 -0.2851 -0.0845 -0.4702 -0.4702 -0.4702 -0.5936 -0.6554 -0.8096 -0.7942 
-0.8559 -0.8096 -0.8096 -0.7942 -0.7325 -0.7479 -0.7171 -0.7634 -0.7634 -0.7788 -0.7171 -0.6862 -0.6862 -0.6245 -0.6554 -0.6091 -0.6554 -0.5782 -0.5011 -0.5628 -0.1462 0.0544 -0.5936 -0.7479 -0.4393 -0.5011 -0.6554 -0.7016 -0.7634 -0.7788 -0.8405 -0.7942 
-0.7942 -0.7479 -0.7634 -0.7788 -0.7325 -0.7479 -0.6862 -0.7325 -0.7016 -0.7171 -0.6862 -0.6708 -0.6091 -0.3468 -0.3776 -0.2851 -0.3468 -0.4085 -0.3776 -0.3776 -0.1153 -0.2388 -0.6708 -0.7634 -0.5936 -0.7171 -0.7634 -0.7479 -0.7788 -0.7788 -0.7788 -0.7788 
-0.7171 -0.7171 -0.7325 -0.7788 -0.7171 -0.7479 -0.6862 -0.7016 -0.6862 -0.6862 -0.5936 -0.3776 -0.3005 -0.1462 -0.2851 -0.3159 -0.4085 -0.4856 -0.3005 -0.1308 -0.0691 0.0081 -0.0999 -0.3159 -0.3622 -0.5782 -0.7325 -0.7171 -0.8096 -0.7634 -0.7325 -0.7479 
-0.7171 -0.7325 -0.7325 -0.7634 -0.7171 -0.7479 -0.7016 -0.7016 -0.7016 -0.6554 -0.4856 -0.2851 -0.4085 -0.1308 -0.1308 0.0698 0.4555 0.9338 1.5819 1.8750 0.9647 0.8413 0.3938 -0.3776 -0.1308 -0.1462 -0.4548 -0.6399 -0.7634 -0.7479 -0.7171 -0.7479 
-0.7634 -0.7479 -0.6862 -0.7325 -0.6862 -0.7171 -0.7016 -0.7171 -0.7171 -0.6245 -0.5319 -0.3005 0.2858 1.3659 1.7979 1.9676 2.1836 2.1836 2.3379 2.2145 1.8287 2.3842 1.5356 -0.4702 -0.6091 -0.3776 0.1778 -0.3313 -0.7479 -0.7634 -0.7325 -0.7634 
-0.7788 -0.7479 -0.6708 -0.7016 -0.6554 -0.6862 -0.7016 -0.6862 -0.7171 -0.5319 0.0544 0.7641 1.2887 1.5973 1.3659 1.0264 0.7950 0.5481 0.3938 0.2395 1.0418 2.8162 2.4150 0.3938 -0.7171 -0.7634 -0.0999 0.2241 -0.5165 -0.7016 -0.7634 -0.7788 
-0.7325 -0.7325 -0.6708 -0.6862 -0.6399 -0.6554 -0.7171 -0.6862 -0.5936 0.1470 0.6870 0.5327 0.4247 0.5635 0.0390 -0.5165 -0.5628 -0.3622 -0.6399 -0.5474 1.2116 2.7236 2.7236 1.6744 -0.2542 -0.7942 -0.5474 0.1161 -0.2851 -0.6399 -0.7634 -0.7942 
-0.6708 -0.7016 -0.6245 -0.6862 -0.6554 -0.6245 -0.7325 -0.6245 -0.0691 0.3784 0.0081 -0.1925 0.1470 0.3784 -0.0536 -0.4856 -0.7171 -0.3005 -0.4702 0.2704 2.1836 2.6773 2.6619 2.5539 0.8721 -0.5628 -0.6091 -0.5011 -0.4239 -0.5628 -0.7016 -0.7788 
-0.6554 -0.7016 -0.6091 -0.6862 -0.6862 -0.4393 -0.0228 -0.0536 0.3167 -0.0845 -0.0228 0.0235 0.3630 0.3012 -0.1308 -0.2696 -0.3622 0.1932 1.0110 2.1836 2.6619 2.6465 2.7390 2.5076 1.0418 0.1470 -0.5011 -0.6862 -0.4085 0.2241 0.0698 -0.7634 
-0.6399 -0.6862 -0.6091 -0.6399 -0.5319 -0.1771 0.5327 0.5173 0.3167 0.6098 0.0235 0.0390 0.2704 0.1932 0.5481 1.6590 2.1527 2.5847 2.9550 2.9859 2.7545 2.8008 2.6619 1.0110 -0.2542 0.2395 -0.4702 -0.7171 0.2704 1.3967 1.0418 -0.6399 
-0.6245 -0.6554 -0.6245 -0.5782 -0.3468 -0.2542 -0.0382 0.2087 0.5790 0.4555 -0.3468 -0.3468 -0.2079 -0.3776 1.4739 3.0322 2.9550 2.9396 2.8625 2.7545 2.7545 2.7699 1.4121 -0.3005 -0.5782 -0.1925 0.0081 0.2858 1.2887 1.7824 1.6127 -0.3159 
-0.6399 -0.6554 -0.6554 -0.3776 0.5173 0.2241 0.0235 0.1161 0.3938 -0.2233 -0.4702 -0.3931 0.0544 -0.0536 1.7824 2.8008 2.5693 2.4459 2.4459 2.6619 2.7853 2.7699 1.8287 0.4247 0.1624 0.7333 1.3504 1.6281 1.6281 1.5819 1.7053 -0.0536 
-0.7016 -0.7479 -0.4085 1.0264 1.8750 0.6098 -0.0845 -0.0382 0.2087 -0.4702 -0.6862 -0.4856 0.2241 0.4710 1.9522 2.5539 2.3842 2.3842 2.6156 2.6002 2.4150 2.5693 2.8316 2.0602 1.6436 1.8750 1.8904 1.8133 1.6590 1.5510 1.2733 -0.2542 
-0.7171 -0.7942 0.6561 2.6310 2.1990 0.9956 0.0544 -0.0228 0.1007 -0.6708 -0.7634 -0.6708 -0.3159 0.3167 2.0447 2.4613 2.3070 2.4767 2.4305 1.2270 0.4555 0.7795 1.9367 2.6156 2.4613 2.1990 2.0447 1.8904 1.6590 1.3659 0.2858 -0.6862 
-0.7016 -0.5319 1.2424 1.8596 1.5973 1.2733 0.1624 0.0390 -0.3622 -0.8405 -0.7325 -0.4856 -0.0691 0.4247 2.0910 2.3687 2.2453 2.4767 1.1961 -0.3468 -0.4085 -0.3776 0.0852 1.8287 2.5076 2.2453 1.7670 1.5510 1.3196 0.2241 -0.6708 -0.7016 
-0.7634 -0.3005 0.5018 -0.1462 0.5790 1.3041 0.2704 0.0544 -0.5782 -0.7942 -0.5782 0.3475 0.9647 1.1190 2.1373 2.3070 2.3225 2.0756 -0.0382 -0.3159 -0.0536 -0.1925 -0.5165 0.4710 1.8442 1.7053 1.3967 1.2733 0.2087 -0.6862 -0.7788 -0.5936 
-0.8251 -0.3776 0.0081 -0.1616 0.3784 1.3967 0.5173 -0.2079 -0.6708 -0.6091 -0.2542 0.6407 0.8104 1.2578 2.4767 2.4767 2.5230 1.5664 -0.3159 -0.1153 -0.3313 -0.3622 -0.3468 -0.3005 1.1036 1.6281 1.4893 0.7950 -0.4548 -0.7171 -0.5628 -0.4393 
-0.7942 -0.5474 -0.0073 0.2858 0.3938 1.3813 0.6561 -0.2542 -0.5628 -0.2388 0.2395 0.6561 0.6407 1.6899 2.5076 2.3533 2.3687 1.2116 -0.2388 0.0852 0.0698 -0.0999 -0.3622 -0.5782 0.4247 1.5973 1.4739 0.3012 -0.6091 -0.6245 -0.5319 -0.4702 
-0.7634 -0.5782 -0.0536 0.2704 0.3630 1.2578 0.6561 -0.3313 -0.3931 0.1315 0.7641 1.0573 1.0418 1.8133 2.1064 2.0910 2.1990 1.1807 -0.1616 0.1778 0.4247 0.1007 -0.1925 -0.5782 -0.1308 1.1190 0.9956 -0.1462 -0.7325 -0.7479 -0.7325 -0.5936 
-0.7325 -0.5474 -0.1462 0.2241 0.4401 1.1344 0.9493 0.2550 0.5327 1.1653 1.8287 2.1836 2.1836 2.2916 2.3687 2.3842 2.3996 1.3813 -0.0845 0.2087 0.8413 0.7950 0.0852 -0.3776 -0.5319 0.4092 0.2704 -0.5628 -0.7942 -0.7634 -0.7016 -0.5628 
-0.6708 -0.5628 -0.3313 0.3012 0.4401 0.8721 0.5790 0.2087 0.3630 0.5327 0.7178 0.8567 0.9338 1.0264 1.0418 0.9956 1.0110 0.6715 -0.1616 0.2704 0.2550 0.3012 -0.2696 -0.4856 -0.7634 -0.5319 -0.6554 -0.8096 -0.7788 -0.7479 -0.6708 -0.5165 
-0.5782 -0.4239 -0.3622 -0.2388 -0.1308 -0.1616 -0.5165 -0.7171 -0.6862 -0.6862 -0.6399 -0.6399 -0.5936 -0.5319 -0.5011 -0.5165 -0.5319 -0.5936 -0.7016 0.2395 0.3012 0.0081 0.1007 -0.6245 -0.8559 -0.8251 -0.8405 -0.8559 -0.8251 -0.7634 -0.7016 -0.5011 
-0.3931 -0.2851 -0.2233 -0.3313 -0.4393 -0.5474 -0.4393 -0.3313 -0.4702 -0.5165 -0.4702 -0.4702 -0.4856 -0.5319 -0.5474 -0.6091 -0.6708 -0.7634 -0.8096 -0.4702 0.1932 0.3784 -0.1771 -0.7788 -0.8714 -0.8251 -0.8251 -0.8405 -0.8096 -0.7325 -0.5782 -0.4702 
-0.3313 -0.2696 -0.1616 0.0081 0.2241 0.3167 0.5173 0.4710 -0.0382 -0.1771 -0.0382 0.0081 -0.0228 -0.1616 -0.2388 -0.2851 -0.3622 -0.4856 -0.5782 -0.5782 -0.3931 -0.3313 -0.6554 -0.7788 -0.7788 -0.7634 -0.7479 -0.7479 -0.7016 -0.6245 -0.4548 -0.4702 
-0.2233 -0.1462 0.1778 0.6561 1.0727 1.0727 0.9184 0.6253 0.1932 0.3012 0.3938 0.4092 0.4401 0.3784 0.3475 0.3167 0.1932 0.0235 -0.1462 -0.1462 -0.0073 -0.0382 -0.4085 -0.6091 -0.6091 -0.5319 -0.5319 -0.5782 -0.5165 -0.4239 -0.3776 -0.4702 
